1000
-1.31693
-1.31836
-1.32348
-1.33453
-1.33658
-1.33142
-1.33627
-1.32036
-1.34001
-1.34726
-1.34195
-1.34605
-1.34412
-1.34152
-1.36571
-1.3547
-1.35398
-1.35699
-1.35349
-1.36361
-1.36569
-1.36108
-1.36644
-1.36876
-1.37317
-1.35728
-1.35553
-1.37513
-1.36267
-1.34821
-1.36678
-1.36617
-1.36172
-1.35599
-1.35962
-1.36984
-1.34781
-1.36167
-1.3622
-1.35921
-1.35678
-1.34127
-1.35054
-1.33056
-1.35229
-1.33491
-1.33409
-1.33689
-1.32629
-1.32952
-1.32314
-1.32661
-1.30972
-1.31678
-1.307
-1.28779
-1.28405
-1.29242
-1.30003
-1.28349
-1.29617
-1.27636
-1.2658
-1.26365
-1.26644
-1.25932
-1.23323
-1.2356
-1.24884
-1.23658
-1.23798
-1.21628
-1.20478
-1.21549
-1.20972
-1.19307
-1.19924
-1.1923
-1.16116
-1.17717
-1.16283
-1.16218
-1.15877
-1.14496
-1.13231
-1.11361
-1.13223
-1.11254
-1.10504
-1.08609
-1.08251
-1.07178
-1.06603
-1.06
-1.03767
-1.04516
-1.0372
-1.02922
-1.00616
-1.01433
-1.00903
-0.989958
-0.987433
-0.974738
-0.955655
-0.965436
-0.934212
-0.931554
-0.927707
-0.910741
-0.904821
-0.88275
-0.896689
-0.881195
-0.876467
-0.846805
-0.846345
-0.847774
-0.814784
-0.810742
-0.79987
-0.78834
-0.776901
-0.766102
-0.756292
-0.749626
-0.739035
-0.728414
-0.722064
-0.705277
-0.692986
-0.688953
-0.66791
-0.654406
-0.639632
-0.644076
-0.628082
-0.612099
-0.601203
-0.588816
-0.583024
-0.58093
-0.555373
-0.535817
-0.518938
-0.510199
-0.499467
-0.49113
-0.487584
-0.473077
-0.466692
-0.426177
-0.43342
-0.429322
-0.401286
-0.378885
-0.364092
-0.381471
-0.341443
-0.346244
-0.320199
-0.321479
-0.296702
-0.281405
-0.266558
-0.271035
-0.255583
-0.222095
-0.224749
-0.23148
-0.199759
-0.20647
-0.190127
-0.17201
-0.166022
-0.136353
-0.133691
-0.11891
-0.095902
-0.0874781
-0.0897448
-0.0572507
-0.0595268
-0.0330965
-0.0376592
-0.00462648
0.00308054
0.0133429
0.0294619
0.0402858
0.0563898
0.0475823
0.0845937
0.0894325
0.102472
0.126959
0.123441
0.141334
0.15231
0.164211
0.158944
0.188276
0.202069
0.223001
0.225932
0.241447
0.245206
0.276425
0.291582
0.292562
0.303791
0.306492
0.320159
0.329092
0.336254
0.373067
0.365047
0.388605
0.381063
0.410968
0.419553
0.426458
0.438229
0.429379
0.456362
0.457722
0.484077
0.475355
0.495602
0.500618
0.53157
0.527638
0.53702
0.549464
0.54883
0.581199
0.578647
0.585029
0.611541
0.614912
0.634712
0.627668
0.625104
0.662981
0.662286
0.66449
0.686283
0.67465
0.713176
0.706176
0.708435
0.714566
0.726509
0.725123
0.751281
0.753182
0.770173
0.778112
0.775286
0.774625
0.791029
0.803746
0.80628
0.832238
0.814309
0.831093
0.850858
0.83438
0.848897
0.843133
0.846125
0.854862
0.892361
0.886766
0.896087
0.886914
0.887288
0.907862
0.910161
0.934533
0.931142
0.923833
0.924394
0.938841
0.928192
0.951901
0.96271
0.952269
0.974686
0.974898
0.96008
0.985805
0.971907
0.986272
0.982251
0.987278
0.992986
0.981159
1.01156
0.999899
0.993644
0.992645
1.01174
1.01083
1.02188
1.00749
1.01748
1.02608
1.02316
1.01971
1.01847
1.02559
1.0363
1.03428
1.01893
1.03784
1.02699
1.03181
1.0435
1.03494
1.05334
1.04058
1.02076
1.03737
1.03306
1.03419
1.041
1.02552
1.02536
1.03389
1.02909
1.01683
1.0317
1.02043
1.02294
1.02291
1.00883
1.01671
1.02359
1.01633
0.998723
1.0117
1.00953
1.01103
0.981725
1.00297
0.99185
0.995685
0.975318
0.999452
0.984667
0.990567
0.977148
0.964856
0.94682
0.956889
0.949697
0.957505
0.934923
0.92923
0.939282
0.933276
0.940646
0.926499
0.917396
0.926877
0.891515
0.910157
0.910526
0.880733
0.89287
0.879326
0.873323
0.864259
0.849447
0.847861
0.840197
0.85114
0.819566
0.811438
0.817686
0.811708
0.791615
0.794479
0.791887
0.770082
0.769146
0.767008
0.758239
0.754847
0.748432
0.72526
0.722705
0.706671
0.711344
0.708425
0.706329
0.690685
0.67994
0.682817
0.66463
0.649232
0.640165
0.623905
0.641719
0.622254
0.609094
0.604574
0.599735
0.581118
0.573999
0.572574
0.53941
0.542285
0.53769
0.530074
0.529609
0.517665
0.500628
0.497432
0.495027
0.478287
0.468304
0.45689
0.456005
0.440359
0.427534
0.420897
0.416553
0.416214
0.400743
0.379295
0.392636
0.359574
0.352857
0.348428
0.327901
0.333851
0.324132
0.322571
0.293249
0.293105
0.277
0.287996
0.269765
0.2735
0.247776
0.249122
0.224228
0.226766
0.231654
0.210196
0.220405
0.20703
0.206739
0.197962
0.16044
0.174214
0.160417
0.162462
0.146559
0.152215
0.122561
0.130279
0.13581
0.1166
0.101656
0.114906
0.103372
0.0803591
0.0812045
0.0811214
0.0801649
0.0723496
0.0775721
0.0613136
0.057293
0.0458914
0.0408851
0.0483544
0.0387183
0.04427
0.0317798
0.0333927
0.0340887
0.0393556
0.0269499
0.0258271
0.029612
0.011591
0.0258853
0.0165482
0.00439373
0.0107482
0.0158627
0.00641535
-0.0111273
0.00685164
-0.00123094
-0.00622683
-0.00701336
-0.00225058
0.00368283
0.00810372
0.00275353
0.000760348
0.0175641
0.00638089
0.0186058
0.0068657
0.0139154
0.0242426
0.0198072
0.0113345
0.020601
0.0337642
0.0269362
0.0445516
0.0363449
0.0229997
0.0430243
0.0431441
0.0483755
0.0501805
0.0475127
0.064008
0.0605134
0.0659967
0.0605543
0.0704729
0.0940308
0.0828924
0.0872945
0.0941888
0.106021
0.115697
0.118652
0.142622
0.121602
0.14233
0.131535
0.164117
0.153036
0.182642
0.176219
0.187643
0.18699
0.180159
0.20728
0.231122
0.230323
0.233716
0.240489
0.249508
0.253782
0.277622
0.285261
0.282371
0.281994
0.288955
0.297656
0.325455
0.324867
0.343464
0.339934
0.346929
0.370353
0.356291
0.363496
0.381835
0.395305
0.420502
0.4187
0.413669
0.429728
0.435693
0.458565
0.459013
0.462989
0.469477
0.480325
0.481354
0.493621
0.508006
0.520634
0.542837
0.527118
0.530832
0.569155
0.581871
0.584836
0.5812
0.600294
0.595526
0.602169
0.615699
0.631229
0.645577
0.653239
0.648873
0.655912
0.664919
0.676303
0.679395
0.701188
0.702685
0.705465
0.709479
0.717828
0.738015
0.753206
0.751698
0.762043
0.755642
0.784005
0.775434
0.784274
0.808611
0.811012
0.795391
0.828758
0.811985
0.83037
0.853992
0.856641
0.852994
0.852649
0.873214
0.874234
0.8708
0.87797
0.891099
0.899285
0.914402
0.917513
0.912031
0.926933
0.92298
0.933015
0.934502
0.933802
0.943465
0.943984
0.95104
0.946532
0.976907
0.973804
0.967194
0.960303
0.990494
0.98676
0.986351
0.988167
0.983448
0.991944
0.990628
0.99316
0.994452
1.00155
1.01375
1.02701
1.02692
1.03377
1.01729
1.01922
1.01838
1.02873
1.03729
1.02297
1.02895
1.03754
1.03473
1.03223
1.02319
1.02159
1.04775
1.04837
1.03793
1.05484
1.03146
1.04194
1.04756
1.04614
1.04402
1.03577
1.03594
1.03497
1.03189
1.03246
1.02943
1.03223
1.0398
1.01922
1.01858
1.02103
1.00781
1.02877
1.01455
1.02005
1.01319
1.01047
0.990194
0.99544
0.998888
0.995479
1.00671
0.972842
0.9801
0.995933
0.991348
0.981208
0.955486
0.969039
0.955468
0.972483
0.940566
0.944776
0.929498
0.946549
0.934068
0.924175
0.930261
0.917337
0.892284
0.910752
0.900767
0.888988
0.898376
0.894462
0.866471
0.876414
0.851041
0.850601
0.842078
0.833273
0.84225
0.83239
0.830703
0.814798
0.804369
0.806996
0.793596
0.770234
0.779784
0.764202
0.746275
0.738244
0.734748
0.736502
0.719915
0.696606
0.701729
0.699842
0.676231
0.670854
0.667719
0.668237
0.630985
0.642495
0.623969
0.620439
0.620835
0.598483
0.59201
0.575307
0.57348
0.551555
0.542313
0.542735
0.538743
0.523599
0.49588
0.492622
0.481739
0.478175
0.461135
0.466863
0.444969
0.430634
0.420466
0.410924
0.400755
0.406608
0.376117
0.369866
0.358895
0.328617
0.333545
0.311024
0.302051
0.295756
0.270257
0.265237
0.254796
0.248724
0.250121
0.22762
0.204486
0.198205
0.175094
0.171604
0.172888
0.149513
0.130262
0.120254
0.116432
0.113889
0.0923305
0.0792841
0.0725238
0.0404104
0.044303
0.0109544
0.0162818
0.00582853
-0.0279163
-0.0210234
-0.0486166
-0.0435363
-0.0576222
-0.0843453
-0.0782381
-0.0944196
-0.107214
-0.130858
-0.154971
-0.166164
-0.14526
-0.18137
-0.182708
-0.201812
-0.19741
-0.228015
-0.238244
-0.252309
-0.273708
-0.280611
-0.282606
-0.304974
-0.311989
-0.31587
-0.354383
-0.353593
-0.364486
-0.3846
-0.401265
-0.39544
-0.411636
-0.422757
-0.44928
-0.450606
-0.452754
-0.472442
-0.51004
-0.503747
-0.520442
-0.533677
-0.538114
-0.536533
-0.563897
-0.55932
-0.605795
-0.589001
-0.610919
-0.627919
-0.645923
-0.651747
-0.658964
-0.660488
-0.697914
-0.691621
-0.705969
-0.715958
-0.719186
-0.742079
-0.741639
-0.766732
-0.775214
-0.771029
-0.783941
-0.81991
-0.816613
-0.816495
-0.833407
-0.849006
-0.861422
-0.859154
-0.879051
-0.901347
-0.89007
-0.913762
-0.915335
-0.92528
-0.932814
-0.958133
-0.961737
-0.971363
-0.967598
-0.977226
-0.999713
-1.00999
-1.02826
-1.00488
-1.03672
-1.04732
-1.04758
-1.05631
-1.05491
-1.08341
-1.07789
-1.09858
-1.10086
-1.10383
-1.10026
-1.11123
-1.13342
-1.15178
-1.14798
-1.15765
-1.15445
-1.17722
-1.15525
-1.194
-1.1847
-1.19828
-1.20809
-1.20365
-1.19912
-1.21751
-1.22781
-1.23105
-1.23434
-1.24889
-1.24516
-1.26166
-1.26202
-1.26385
-1.26543
-1.2638
-1.27206
-1.29594
-1.27331
-1.30029
-1.29512
-1.30299
-1.31075
-1.29957
-1.32387
-1.3066
-1.3178
-1.32914
-1.32177
-1.33321
-1.3352
-1.33479
-1.33835
-1.33923
-1.34783
-1.35785
-1.33695
-1.3511
-1.34402
-1.34968
-1.35171
-1.34195
-1.34752
-1.35381
-1.35485
-1.37854
-1.37051
-1.35677
-1.34596
-1.36734
-1.37792
-1.36102
-1.36634
-1.35546
-1.37156
-1.36113
-1.36027
-1.36161
-1.35045
-1.35864
-1.36737
-1.35486
-1.34136
-1.3501
-1.35621
-1.35538
-1.35304
-1.34613
-1.33343
-1.3415
-1.33772
-1.34081
-1.34345
-1.32679
-1.31932
-1.31551
-1.31613
