1000
0.00443185
0.00451226
0.00459397
0.00467699
0.00476134
0.00484703
0.00493409
0.00502253
0.00511238
0.00520364
0.00529634
0.0053905
0.00548614
0.00558327
0.00568192
0.0057821
0.00588383
0.00598715
0.00609205
0.00619857
0.00630673
0.00641654
0.00652803
0.00664121
0.00675612
0.00687277
0.00699118
0.00711137
0.00723337
0.0073572
0.00748287
0.00761042
0.00773987
0.00787123
0.00800454
0.00813981
0.00827707
0.00841634
0.00855764
0.00870101
0.00884645
0.00899401
0.0091437
0.00929554
0.00944957
0.0096058
0.00976426
0.00992498
0.010088
0.0102533
0.0104209
0.0105909
0.0107633
0.0109381
0.0111154
0.0112951
0.0114773
0.011662
0.0118493
0.0120391
0.0122315
0.0124266
0.0126243
0.0128247
0.0130278
0.0132337
0.0134423
0.0136538
0.013868
0.0140851
0.0143051
0.014528
0.0147539
0.0149827
0.0152145
0.0154493
0.0156873
0.0159283
0.0161724
0.0164196
0.0166701
0.0169238
0.0171807
0.0174408
0.0177043
0.0179711
0.0182413
0.0185149
0.0187919
0.0190723
0.0193563
0.0196437
0.0199348
0.0202294
0.0205276
0.0208294
0.021135
0.0214442
0.0217572
0.022074
0.0223945
0.0227189
0.0230472
0.0233794
0.0237155
0.0240556
0.0243996
0.0247478
0.0250999
0.0254562
0.0258166
0.0261811
0.0265499
0.0269228
0.0273001
0.0276816
0.0280674
0.0284576
0.0288522
0.0292511
0.0296546
0.0300625
0.0304749
0.0308919
0.0313135
0.0317397
0.0321705
0.0326059
0.0330461
0.0334911
0.0339408
0.0343953
0.0348546
0.0353188
0.0357879
0.0362619
0.0367408
0.0372248
0.0377138
0.0382078
0.0387069
0.0392111
0.0397204
0.0402349
0.0407546
0.0412795
0.0418097
0.0423452
0.042886
0.0434321
0.0439836
0.0445405
0.0451028
0.0456706
0.0462439
0.0468226
0.0474069
0.0479968
0.0485923
0.0491934
0.0498001
0.0504125
0.0510306
0.0516544
0.0522839
0.0529192
0.0535603
0.0542073
0.05486
0.0555186
0.0561831
0.0568536
0.0575299
0.0582122
0.0589005
0.0595947
0.060295
0.0610013
0.0617136
0.062432
0.0631566
0.0638872
0.0646239
0.0653668
0.0661159
0.0668711
0.0676325
0.0684001
0.069174
0.0699541
0.0707404
0.071533
0.0723319
0.073137
0.0739485
0.0747663
0.0755904
0.0764208
0.0772576
0.0781007
0.0789502
0.079806
0.0806682
0.0815368
0.0824118
0.0832932
0.084181
0.0850751
0.0859757
0.0868827
0.0877961
0.0887159
0.0896421
0.0905747
0.0915137
0.0924591
0.093411
0.0943692
0.0953338
0.0963049
0.0972823
0.0982661
0.0992562
0.100253
0.101256
0.102265
0.103281
0.104302
0.105331
0.106365
0.107406
0.108453
0.109507
0.110566
0.111632
0.112704
0.113783
0.114867
0.115958
0.117054
0.118157
0.119266
0.120381
0.121502
0.12263
0.123763
0.124902
0.126047
0.127198
0.128355
0.129518
0.130686
0.131861
0.133041
0.134227
0.135418
0.136615
0.137818
0.139027
0.14024
0.14146
0.142685
0.143915
0.145151
0.146392
0.147639
0.14889
0.150147
0.151409
0.152676
0.153948
0.155225
0.156508
0.157795
0.159087
0.160383
0.161685
0.162991
0.164302
0.165617
0.166937
0.168261
0.16959
0.170923
0.172261
0.173602
0.174948
0.176298
0.177652
0.179009
0.180371
0.181737
0.183106
0.184479
0.185855
0.187235
0.188619
0.190006
0.191396
0.192789
0.194186
0.195586
0.196988
0.198394
0.199802
0.201214
0.202627
0.204044
0.205463
0.206884
0.208308
0.209734
0.211162
0.212592
0.214024
0.215458
0.216894
0.218332
0.219771
0.221211
0.222654
0.224097
0.225542
0.226987
0.228434
0.229882
0.231331
0.23278
0.23423
0.235681
0.237132
0.238583
0.240035
0.241487
0.242939
0.24439
0.245842
0.247293
0.248744
0.250195
0.251644
0.253093
0.254542
0.255989
0.257435
0.258881
0.260324
0.261767
0.263208
0.264648
0.266085
0.267521
0.268955
0.270387
0.271817
0.273244
0.27467
0.276092
0.277512
0.278929
0.280344
0.281755
0.283164
0.284569
0.285971
0.287369
0.288764
0.290155
0.291542
0.292926
0.294305
0.29568
0.297051
0.298418
0.29978
0.301137
0.30249
0.303838
0.305181
0.306519
0.307851
0.309178
0.3105
0.311816
0.313127
0.314432
0.31573
0.317023
0.31831
0.31959
0.320864
0.322131
0.323392
0.324646
0.325893
0.327133
0.328366
0.329592
0.33081
0.332021
0.333225
0.33442
0.335608
0.336788
0.33796
0.339124
0.34028
0.341427
0.342566
0.343696
0.344818
0.345931
0.347035
0.34813
0.349215
0.350292
0.351359
0.352417
0.353465
0.354504
0.355533
0.356552
0.357561
0.35856
0.359548
0.360527
0.361495
0.362453
0.3634
0.364337
0.365263
0.366178
0.367082
0.367975
0.368857
0.369728
0.370587
0.371435
0.372272
0.373097
0.373911
0.374712
0.375502
0.37628
0.377047
0.377801
0.378543
0.379272
0.37999
0.380695
0.381388
0.382068
0.382736
0.383391
0.384033
0.384663
0.385279
0.385883
0.386474
0.387052
0.387617
0.388168
0.388707
0.389232
0.389743
0.390242
0.390727
0.391198
0.391656
0.392101
0.392531
0.392949
0.393352
0.393742
0.394117
0.394479
0.394827
0.395162
0.395482
0.395788
0.39608
0.396358
0.396622
0.396872
0.397108
0.39733
0.397537
0.397731
0.39791
0.398074
0.398225
0.398361
0.398483
0.398591
0.398684
0.398763
0.398827
0.398878
0.398914
0.398935
0.398942
0.398935
0.398914
0.398878
0.398827
0.398763
0.398684
0.398591
0.398483
0.398361
0.398225
0.398074
0.39791
0.397731
0.397537
0.39733
0.397108
0.396872
0.396622
0.396358
0.39608
0.395788
0.395482
0.395162
0.394827
0.394479
0.394117
0.393742
0.393352
0.392949
0.392531
0.392101
0.391656
0.391198
0.390727
0.390242
0.389743
0.389232
0.388707
0.388168
0.387617
0.387052
0.386474
0.385883
0.385279
0.384663
0.384033
0.383391
0.382736
0.382068
0.381388
0.380695
0.37999
0.379272
0.378543
0.377801
0.377047
0.37628
0.375502
0.374712
0.373911
0.373097
0.372272
0.371435
0.370587
0.369728
0.368857
0.367975
0.367082
0.366178
0.365263
0.364337
0.3634
0.362453
0.361495
0.360527
0.359548
0.35856
0.357561
0.356552
0.355533
0.354504
0.353465
0.352417
0.351359
0.350292
0.349215
0.34813
0.347035
0.345931
0.344818
0.343696
0.342566
0.341427
0.34028
0.339124
0.33796
0.336788
0.335608
0.33442
0.333225
0.332021
0.33081
0.329592
0.328366
0.327133
0.325893
0.324646
0.323392
0.322131
0.320864
0.31959
0.31831
0.317023
0.31573
0.314432
0.313127
0.311816
0.3105
0.309178
0.307851
0.306519
0.305181
0.303838
0.30249
0.301137
0.29978
0.298418
0.297051
0.29568
0.294305
0.292926
0.291542
0.290155
0.288764
0.287369
0.285971
0.284569
0.283164
0.281755
0.280344
0.278929
0.277512
0.276092
0.27467
0.273244
0.271817
0.270387
0.268955
0.267521
0.266085
0.264648
0.263208
0.261767
0.260324
0.258881
0.257435
0.255989
0.254542
0.253093
0.251644
0.250195
0.248744
0.247293
0.245842
0.24439
0.242939
0.241487
0.240035
0.238583
0.237132
0.235681
0.23423
0.23278
0.231331
0.229882
0.228434
0.226987
0.225542
0.224097
0.222654
0.221211
0.219771
0.218332
0.216894
0.215458
0.214024
0.212592
0.211162
0.209734
0.208308
0.206884
0.205463
0.204044
0.202627
0.201214
0.199802
0.198394
0.196988
0.195586
0.194186
0.192789
0.191396
0.190006
0.188619
0.187235
0.185855
0.184479
0.183106
0.181737
0.180371
0.179009
0.177652
0.176298
0.174948
0.173602
0.172261
0.170923
0.16959
0.168261
0.166937
0.165617
0.164302
0.162991
0.161685
0.160383
0.159087
0.157795
0.156508
0.155225
0.153948
0.152676
0.151409
0.150147
0.14889
0.147639
0.146392
0.145151
0.143915
0.142685
0.14146
0.14024
0.139027
0.137818
0.136615
0.135418
0.134227
0.133041
0.131861
0.130686
0.129518
0.128355
0.127198
0.126047
0.124902
0.123763
0.12263
0.121502
0.120381
0.119266
0.118157
0.117054
0.115958
0.114867
0.113783
0.112704
0.111632
0.110566
0.109507
0.108453
0.107406
0.106365
0.105331
0.104302
0.103281
0.102265
0.101256
0.100253
0.0992562
0.0982661
0.0972823
0.0963049
0.0953338
0.0943692
0.093411
0.0924591
0.0915137
0.0905747
0.0896421
0.0887159
0.0877961
0.0868827
0.0859757
0.0850751
0.084181
0.0832932
0.0824118
0.0815368
0.0806682
0.079806
0.0789502
0.0781007
0.0772576
0.0764208
0.0755904
0.0747663
0.0739485
0.073137
0.0723319
0.071533
0.0707404
0.0699541
0.069174
0.0684001
0.0676325
0.0668711
0.0661159
0.0653668
0.0646239
0.0638872
0.0631566
0.062432
0.0617136
0.0610013
0.060295
0.0595947
0.0589005
0.0582122
0.0575299
0.0568536
0.0561831
0.0555186
0.05486
0.0542073
0.0535603
0.0529192
0.0522839
0.0516544
0.0510306
0.0504125
0.0498001
0.0491934
0.0485923
0.0479968
0.0474069
0.0468226
0.0462439
0.0456706
0.0451028
0.0445405
0.0439836
0.0434321
0.042886
0.0423452
0.0418097
0.0412795
0.0407546
0.0402349
0.0397204
0.0392111
0.0387069
0.0382078
0.0377138
0.0372248
0.0367408
0.0362619
0.0357879
0.0353188
0.0348546
0.0343953
0.0339408
0.0334911
0.0330461
0.0326059
0.0321705
0.0317397
0.0313135
0.0308919
0.0304749
0.0300625
0.0296546
0.0292511
0.0288522
0.0284576
0.0280674
0.0276816
0.0273001
0.0269228
0.0265499
0.0261811
0.0258166
0.0254562
0.0250999
0.0247478
0.0243996
0.0240556
0.0237155
0.0233794
0.0230472
0.0227189
0.0223945
0.022074
0.0217572
0.0214442
0.021135
0.0208294
0.0205276
0.0202294
0.0199348
0.0196437
0.0193563
0.0190723
0.0187919
0.0185149
0.0182413
0.0179711
0.0177043
0.0174408
0.0171807
0.0169238
0.0166701
0.0164196
0.0161724
0.0159283
0.0156873
0.0154493
0.0152145
0.0149827
0.0147539
0.014528
0.0143051
0.0140851
0.013868
0.0136538
0.0134423
0.0132337
0.0130278
0.0128247
0.0126243
0.0124266
0.0122315
0.0120391
0.0118493
0.011662
0.0114773
0.0112951
0.0111154
0.0109381
0.0107633
0.0105909
0.0104209
0.0102533
0.010088
0.00992498
0.00976426
0.0096058
0.00944957
0.00929554
0.0091437
0.00899401
0.00884645
0.00870101
0.00855764
0.00841634
0.00827707
0.00813981
0.00800454
0.00787123
0.00773987
0.00761042
0.00748287
0.0073572
0.00723337
0.00711137
0.00699118
0.00687277
0.00675612
0.00664121
0.00652803
0.00641654
0.00630673
0.00619857
0.00609205
0.00598715
0.00588383
0.0057821
0.00568192
0.00558327
0.00548614
0.0053905
0.00529634
0.00520364
0.00511238
0.00502253
0.00493409
0.00484703
0.00476134
0.00467699
0.00459397
0.00451226
