1000
1.00125
1.00151
1.00179
1.0021
1.00244
1.0028
1.00318
1.00358
1.00402
1.00447
1.00495
1.00546
1.00599
1.00654
1.00712
1.00773
1.00836
1.00901
1.00969
1.01039
1.01112
1.01187
1.01265
1.01345
1.01428
1.01513
1.016
1.0169
1.01783
1.01878
1.01976
1.02076
1.02178
1.02283
1.0239
1.025
1.02613
1.02728
1.02845
1.02965
1.03087
1.03212
1.03339
1.03469
1.03601
1.03736
1.03873
1.04013
1.04155
1.04299
1.04446
1.04596
1.04748
1.04902
1.05059
1.05218
1.0538
1.05544
1.05711
1.0588
1.06052
1.06225
1.06402
1.06581
1.06762
1.06945
1.07131
1.07319
1.0751
1.07703
1.07898
1.08096
1.08296
1.08498
1.08703
1.0891
1.09119
1.09331
1.09544
1.0976
1.09979
1.10199
1.10422
1.10646
1.10873
1.11102
1.11334
1.11567
1.11802
1.1204
1.12279
1.12521
1.12764
1.1301
1.13257
1.13506
1.13757
1.1401
1.14265
1.14522
1.1478
1.15041
1.15302
1.15566
1.15831
1.16098
1.16366
1.16636
1.16908
1.1718
1.17455
1.1773
1.18007
1.18285
1.18565
1.18846
1.19127
1.1941
1.19694
1.19979
1.20265
1.20552
1.20839
1.21128
1.21417
1.21706
1.21997
1.22288
1.22579
1.22871
1.23163
1.23455
1.23748
1.24041
1.24333
1.24626
1.24919
1.25211
1.25504
1.25796
1.26088
1.26379
1.26669
1.26959
1.27249
1.27537
1.27825
1.28111
1.28397
1.28681
1.28964
1.29246
1.29526
1.29804
1.30081
1.30357
1.3063
1.30901
1.3117
1.31437
1.31702
1.31964
1.32224
1.32481
1.32735
1.32986
1.33235
1.3348
1.33722
1.3396
1.34195
1.34426
1.34654
1.34877
1.35097
1.35312
1.35523
1.35729
1.35931
1.36128
1.3632
1.36507
1.36689
1.36865
1.37036
1.37202
1.37361
1.37515
1.37662
1.37803
1.37938
1.38066
1.38187
1.38301
1.38408
1.38508
1.38601
1.38686
1.38763
1.38832
1.38893
1.38946
1.3899
1.39026
1.39053
1.3907
1.39079
1.39078
1.39068
1.39048
1.39018
1.38978
1.38928
1.38867
1.38796
1.38714
1.38621
1.38516
1.38401
1.38273
1.38134
1.37983
1.3782
1.37644
1.37456
1.37256
1.37042
1.36816
1.36576
1.36322
1.36055
1.35775
1.3548
1.35171
1.34848
1.3451
1.34157
1.3379
1.33407
1.33009
1.32596
1.32167
1.31722
1.31262
1.30785
1.30292
1.29782
1.29256
1.28713
1.28152
1.27575
1.26981
1.26369
1.25739
1.25092
1.24427
1.23743
1.23042
1.22322
1.21584
1.20827
1.20051
1.19257
1.18443
1.17611
1.16759
1.15888
1.14997
1.14087
1.13158
1.12208
1.11239
1.1025
1.09241
1.08211
1.07162
1.06092
1.05003
1.03892
1.02762
1.01611
1.00439
0.992475
0.980351
0.968021
0.955485
0.942744
0.929797
0.916644
0.903286
0.889722
0.875953
0.861979
0.847801
0.833419
0.818833
0.804044
0.789053
0.77386
0.758467
0.742874
0.727082
0.711092
0.694906
0.678524
0.661949
0.64518
0.628221
0.611071
0.593734
0.576211
0.558503
0.540613
0.522542
0.504293
0.485868
0.467269
0.448498
0.429559
0.410453
0.391183
0.371753
0.352164
0.33242
0.312524
0.292479
0.272288
0.251955
0.231482
0.210875
0.190136
0.169269
0.148277
0.127166
0.105938
0.0845979
0.0631503
0.0415991
0.019949
-0.00179565
-0.0236302
-0.0455499
-0.0675499
-0.0896253
-0.111771
-0.133982
-0.156253
-0.178579
-0.200955
-0.223374
-0.245832
-0.268322
-0.29084
-0.313378
-0.335932
-0.358495
-0.38106
-0.403623
-0.426177
-0.448715
-0.471231
-0.493718
-0.516171
-0.538581
-0.560944
-0.583251
-0.605496
-0.627672
-0.649773
-0.671791
-0.693719
-0.71555
-0.737276
-0.758892
-0.780389
-0.80176
-0.822998
-0.844096
-0.865045
-0.885839
-0.906471
-0.926932
-0.947215
-0.967313
-0.987218
-1.00692
-1.02642
-1.0457
-1.06476
-1.08359
-1.10218
-1.12052
-1.13861
-1.15644
-1.17401
-1.19129
-1.2083
-1.22501
-1.24143
-1.25754
-1.27335
-1.28883
-1.30399
-1.31881
-1.33329
-1.34743
-1.36122
-1.37464
-1.3877
-1.40038
-1.41269
-1.42461
-1.43613
-1.44726
-1.45799
-1.46831
-1.47821
-1.48769
-1.49674
-1.50537
-1.51355
-1.5213
-1.5286
-1.53545
-1.54184
-1.54777
-1.55325
-1.55825
-1.56278
-1.56684
-1.57042
-1.57352
-1.57614
-1.57827
-1.57992
-1.58107
-1.58173
-1.5819
-1.58157
-1.58075
-1.57942
-1.5776
-1.57528
-1.57246
-1.56914
-1.56533
-1.56101
-1.5562
-1.55089
-1.54509
-1.5388
-1.53201
-1.52474
-1.51698
-1.50874
-1.50002
-1.49083
-1.48116
-1.47102
-1.46043
-1.44937
-1.43786
-1.4259
-1.4135
-1.40066
-1.38739
-1.3737
-1.35959
-1.34508
-1.33016
-1.31484
-1.29915
-1.28307
-1.26663
-1.24982
-1.23267
-1.21518
-1.19736
-1.17921
-1.16076
-1.14201
-1.12298
-1.10366
-1.08409
-1.06426
-1.04419
-1.0239
-1.00339
-0.982676
-0.961778
-0.940706
-0.919474
-0.898095
-0.876584
-0.854955
-0.833223
-0.811403
-0.78951
-0.767559
-0.745566
-0.723545
-0.701514
-0.679488
-0.657482
-0.635513
-0.613598
-0.591752
-0.569993
-0.548336
-0.526798
-0.505397
-0.484148
-0.463069
-0.442177
-0.421487
-0.401018
-0.380786
-0.360808
-0.3411
-0.32168
-0.302564
-0.283768
-0.265309
-0.247204
-0.229468
-0.212119
-0.195171
-0.178641
-0.162545
-0.146897
-0.131714
-0.117009
-0.102799
-0.0890974
-0.0759187
-0.063277
-0.0511859
-0.0396589
-0.0287092
-0.0183495
-0.00859215
0.000550699
0.0090674
0.0169467
0.0241777
0.0307499
0.0366533
0.0418785
0.0464162
0.0502578
0.0533953
0.055821
0.0575277
0.0585089
0.0587585
0.0582711
0.0570416
0.0550658
0.0523398
0.0488605
0.0446253
0.0396321
0.0338798
0.0273676
0.0200953
0.0120636
0.00327366
-0.00627256
-0.0165725
-0.027623
-0.0394201
-0.0519592
-0.0652351
-0.0792417
-0.0939724
-0.10942
-0.125576
-0.142432
-0.159979
-0.178206
-0.197102
-0.216656
-0.236856
-0.257689
-0.279141
-0.301198
-0.323844
-0.347065
-0.370844
-0.395164
-0.420008
-0.445357
-0.471192
-0.497493
-0.524242
-0.551416
-0.578996
-0.606958
-0.635281
-0.663942
-0.692917
-0.722182
-0.751713
-0.781485
-0.811473
-0.84165
-0.871991
-0.902469
-0.933058
-0.963729
-0.994455
-1.02521
-1.05596
-1.08668
-1.11735
-1.14793
-1.17839
-1.20871
-1.23885
-1.26879
-1.2985
-1.32794
-1.35709
-1.38592
-1.4144
-1.4425
-1.47019
-1.49744
-1.52423
-1.55052
-1.57628
-1.6015
-1.62613
-1.65016
-1.67355
-1.69628
-1.71833
-1.73967
-1.76026
-1.7801
-1.79915
-1.81739
-1.8348
-1.85135
-1.86703
-1.88182
-1.89568
-1.90862
-1.9206
-1.93161
-1.94163
-1.95065
-1.95865
-1.96562
-1.97155
-1.97643
-1.98023
-1.98297
-1.98461
-1.98517
-1.98463
-1.98299
-1.98024
-1.97638
-1.97141
-1.96533
-1.95814
-1.94983
-1.94043
-1.92992
-1.91832
-1.90563
-1.89186
-1.87702
-1.86112
-1.84417
-1.82619
-1.80719
-1.78719
-1.7662
-1.74424
-1.72134
-1.6975
-1.67277
-1.64715
-1.62067
-1.59336
-1.56525
-1.53636
-1.50672
-1.47637
-1.44533
-1.41363
-1.38131
-1.34841
-1.31495
-1.28098
-1.24653
-1.21163
-1.17633
-1.14067
-1.10468
-1.06841
-1.0319
-0.995183
-0.958309
-0.921319
-0.884255
-0.847162
-0.810082
-0.77306
-0.73614
-0.699366
-0.662784
-0.626436
-0.590369
-0.554625
-0.51925
-0.484287
-0.44978
-0.415773
-0.382309
-0.34943
-0.317179
-0.285596
-0.254723
-0.224601
-0.195268
-0.166763
-0.139125
-0.11239
-0.0865935
-0.061771
-0.0379561
-0.0151813
0.00652187
0.0271234
0.0465945
0.0649077
0.0820371
0.0979581
0.112648
0.126085
0.138249
0.149123
0.15869
0.166934
0.173844
0.179409
0.183618
0.186464
0.187942
0.188049
0.186783
0.184143
0.180133
0.174757
0.16802
0.159932
0.150503
0.139744
0.127672
0.114301
0.0996506
0.0837414
0.0665955
0.0482376
0.0286941
0.00799329
-0.0138345
-0.0367571
-0.0607405
-0.0857488
-0.111744
-0.138688
-0.166538
-0.195253
-0.224787
-0.255095
-0.286129
-0.317842
-0.350181
-0.383097
-0.416537
-0.450446
-0.48477
-0.519452
-0.554436
-0.589664
-0.625078
-0.660619
-0.696225
-0.731839
-0.767398
-0.802842
-0.838109
-0.873138
-0.907868
-0.942237
-0.976185
-1.00965
-1.04257
-1.07489
-1.10655
-1.13748
-1.16763
-1.19695
-1.22538
-1.25285
-1.27933
-1.30475
-1.32906
-1.35222
-1.37418
-1.39488
-1.41429
-1.43237
-1.44906
-1.46433
-1.47815
-1.49048
-1.50129
-1.51054
-1.51821
-1.52428
-1.52872
-1.53152
-1.53264
-1.53209
-1.52984
-1.5259
-1.52024
-1.51287
-1.50379
-1.493
-1.48051
-1.46632
-1.45044
-1.4329
-1.41369
-1.39286
-1.37042
-1.34639
-1.3208
-1.29369
-1.2651
-1.23505
-1.20359
-1.17076
-1.13661
-1.10119
-1.06454
-1.02672
-0.987792
-0.947806
-0.906824
-0.864908
-0.822125
-0.778538
-0.734218
-0.689234
-0.643658
-0.597562
-0.551021
-0.50411
-0.456908
-0.40949
-0.361936
-0.314324
-0.266735
-0.219249
-0.171947
-0.124907
-0.0782123
-0.0319416
0.013825
0.059008
0.103529
0.14731
0.190273
0.232345
0.273449
0.313513
0.352466
0.390238
0.426762
0.461972
0.495804
0.528197
0.559093
0.588436
0.616173
0.642253
0.666629
0.689257
0.710095
0.729107
0.746257
0.761515
0.774854
0.786251
0.795686
0.803143
0.808611
0.81208
0.813549
0.813016
0.810486
0.805967
0.799471
0.791016
0.780622
0.768313
0.754118
0.738071
0.720208
0.70057
0.679201
0.656151
0.631472
0.605219
0.577453
0.548237
0.517637
0.485723
0.452568
0.418249
0.382843
0.346433
0.309103
0.27094
0.232032
0.19247
0.152348
0.111759
0.0707996
0.0295676
-0.0118388
-0.0533202
-0.0947767
-0.136108
-0.177212
-0.21799
-0.258339
-0.298161
-0.337355
-0.375823
-0.413466
-0.45019
-0.485898
-0.520498
-0.553898
-0.586011
-0.616749
-0.646029
-0.673769
-0.699893
-0.724324
-0.746993
-0.767831
-0.786774
-0.803763
-0.818743
-0.831661
-0.84247
-0.85113
-0.857601
-0.861852
-0.863854
-0.863585
-0.861027
-0.856169
-0.849002
-0.839525
-0.827742
-0.813662
-0.7973
-0.778675
-0.757813
-0.734745
-0.709507
-0.682141
-0.652694
-0.621217
-0.587767
-0.552408
-0.515205
-0.476231
-0.435561
-0.393278
-0.349466
-0.304214
-0.257616
-0.209768
-0.160772
-0.110731
-0.0597522
-0.00794505
0.0445779
0.097702
