-1.3169300000	-1.3169300000	-0.0419550000	-0.0245200000
-1.3183600000	-1.3183600000	-0.0419550000	-0.0245200000
-1.3234800000	-1.3253210000	-0.0468590000	0.0525685000
-1.3345300000	-1.3308020000	-0.0347775000	0.1005202500
-1.3365800000	-1.3337970000	-0.0163935000	0.0952767500
-1.3314200000	-1.3326270000	-0.0045695000	0.0339557500
-1.3362700000	-1.3325230000	-0.0070820000	-0.0398627500
-1.3203600000	-1.3312680000	-0.0215795000	-0.0667972500
-1.3400100000	-1.3373500000	-0.0332780000	-0.0333587500
-1.3472600000	-1.3419370000	-0.0297040000	0.0122482500
-1.3419500000	-1.3438550000	-0.0211310000	0.0202112500
-1.3460500000	-1.3445120000	-0.0188155000	-0.0031900000
-1.3441200000	-1.3459280000	-0.0245545000	-0.0159632500
-1.3415200000	-1.3486490000	-0.0312695000	0.0082895000
-1.3657100000	-1.3553380000	-0.0262565000	0.0448972500
-1.3547000000	-1.3556690000	-0.0140175000	0.0480570000
-1.3539800000	-1.3558500000	-0.0090420000	0.0152705000
-1.3569900000	-1.3561210000	-0.0118020000	-0.0191845000
-1.3534900000	-1.3574830000	-0.0190190000	-0.0258530000
-1.3636100000	-1.3610870000	-0.0218500000	-0.0038940000
-1.3656900000	-1.3632070000	-0.0190295000	0.0256717500
-1.3610800000	-1.3640950000	-0.0156045000	0.0524727500
-1.3664400000	-1.3664300000	-0.0091935000	0.0714252500
-1.3687600000	-1.3672620000	0.0011540000	0.0698127500
-1.3731700000	-1.3666730000	0.0104105000	0.0431805000
-1.3572800000	-1.3630410000	0.0118450000	0.0086225000
-1.3555300000	-1.3622780000	0.0068850000	-0.0101712500
-1.3751300000	-1.3642410000	0.0065265000	-0.0150967500
-1.3626700000	-1.3619670000	0.0078830000	-0.0223755000
-1.3482100000	-1.3593040000	0.0018220000	-0.0231492500
-1.3667800000	-1.3620270000	-0.0027310000	-0.0054680000
-1.3661700000	-1.3625880000	0.0004395000	0.0136727500
-1.3617200000	-1.3617600000	0.0046025000	0.0175587500
-1.3559900000	-1.3602650000	0.0062990000	0.0078427500
-1.3596200000	-1.3599670000	0.0042740000	-0.0003792500
-1.3698400000	-1.3611880000	0.0053510000	0.0013337500
-1.3478100000	-1.3576080000	0.0041170000	0.0165585000
-1.3616700000	-1.3595750000	0.0034960000	0.0531155000
-1.3622000000	-1.3595150000	0.0133470000	0.0874512500
-1.3592100000	-1.3577740000	0.0268350000	0.0886295000
-1.3567800000	-1.3540820000	0.0398470000	0.0454332500
-1.3412700000	-1.3469490000	0.0387765000	-0.0136512500
-1.3505400000	-1.3454890000	0.0313150000	-0.0448970000
-1.3305600000	-1.3404080000	0.0226020000	-0.0373677500
-1.3522900000	-1.3424730000	0.0201065000	-0.0065212500
-1.3349100000	-1.3379850000	0.0250455000	0.0133582500
-1.3340900000	-1.3358540000	0.0261990000	0.0165260000
-1.3368900000	-1.3332750000	0.0286355000	0.0139200000
-1.3262900000	-1.3295210000	0.0276870000	0.0182957500
-1.3295200000	-1.3280440000	0.0297230000	0.0371512500
-1.3231400000	-1.3240830000	0.0341275000	0.0621992500
-1.3266100000	-1.3218460000	0.0425175000	0.0818372500
-1.3097200000	-1.3155800000	0.0534160000	0.0740080000
-1.3167800000	-1.3114960000	0.0631925000	0.0239187500
-1.3070000000	-1.3030910000	0.0665570000	-0.0630687500
-1.2877900000	-1.2942460000	0.0508550000	-0.1355760000
-1.2840500000	-1.2903650000	0.0258670000	-0.1317402500
-1.2924200000	-1.2909120000	0.0084905000	-0.0433115000
-1.3000300000	-1.2932160000	0.0137380000	0.0701622500
-1.2834900000	-1.2895140000	0.0324435000	0.1335392500
-1.2961700000	-1.2870210000	0.0531440000	0.1226460000
-1.2763600000	-1.2776520000	0.0647665000	0.0658315000
-1.2658000000	-1.2705830000	0.0621755000	0.0196490000
-1.2636500000	-1.2654760000	0.0599385000	0.0033237500
-1.2664400000	-1.2610730000	0.0633165000	-0.0137837500
-1.2593200000	-1.2535870000	0.0658805000	-0.0523842500
-1.2332300000	-1.2438040000	0.0541405000	-0.0798622500
-1.2356000000	-1.2402440000	0.0354430000	-0.0432865000
-1.2488400000	-1.2410930000	0.0339260000	0.0396657500
-1.2365800000	-1.2371840000	0.0503075000	0.0908190000
-1.2379800000	-1.2311260000	0.0685330000	0.0646465000
-1.2162800000	-1.2202710000	0.0718335000	-0.0058235000
-1.2047800000	-1.2130360000	0.0591765000	-0.0445727500
-1.2154900000	-1.2100310000	0.0496570000	-0.0201530000
-1.2097200000	-1.2060020000	0.0516495000	0.0332310000
-1.1930700000	-1.1997990000	0.0614585000	0.0639580000
-1.1992400000	-1.1938580000	0.0715580000	0.0482902500
-1.1923000000	-1.1860240000	0.0781280000	-0.0024042500
-1.1611600000	-1.1745650000	0.0704250000	-0.0438782500
-1.1771700000	-1.1711140000	0.0586780000	-0.0316760000
-1.1628300000	-1.1649950000	0.0558010000	0.0240150000
-1.1621800000	-1.1614050000	0.0635660000	0.0774465000
-1.1587700000	-1.1544500000	0.0812020000	0.0784007500
-1.1449600000	-1.1437790000	0.0899400000	0.0287522500
-1.1323100000	-1.1337380000	0.0865910000	-0.0171572500
-1.1136100000	-1.1241020000	0.0747775000	-0.0112415000
-1.1322300000	-1.1218570000	0.0747155000	0.0367637500
-1.1125400000	-1.1124400000	0.0877120000	0.0645272500
-1.1050400000	-1.1032160000	0.0988015000	0.0429932500
-1.0860900000	-1.0903780000	0.1002430000	-0.0047165000
-1.0825100000	-1.0816850000	0.0924565000	-0.0359317500
-1.0717800000	-1.0730290000	0.0876890000	-0.0415377500
-1.0660300000	-1.0647860000	0.0843635000	-0.0382910000
-1.0600000000	-1.0564340000	0.0823865000	-0.0353522000
-1.0376700000	-1.0464230000	0.0757180000	-0.0252027750
-1.0451600000	-1.0419600000	0.0730455000	-0.0037843000
-1.0372000000	-1.0341390000	0.0769756000	0.0087532750
-1.0292200000	-1.0263090000	0.0800822500	0.0061867500
-1.0061600000	-1.0157970000	0.0776306000	0.0073547000
-1.0143300000	-1.0106878000	0.0749576000	0.0306722500
-1.0090300000	-1.0038289000	0.0823023000	0.0598686250
-0.9899580000	-0.9941826000	0.0924754500	0.0668687250
-0.9874330000	-0.9843809000	0.0995186000	0.0511253250
-0.9747380000	-0.9740522000	0.1034899500	0.0261161000
-0.9556550000	-0.9624613000	0.1026544500	0.0069578750
-0.9654360000	-0.9547770000	0.1034604500	-0.0032777250
-0.9342120000	-0.9414190000	0.1031569500	-0.0125017250
-0.9315540000	-0.9326231000	0.0992030000	-0.0181770750
-0.9277070000	-0.9234451000	0.1000295500	-0.0299154250
-0.9107410000	-0.9122324000	0.0965086500	-0.0478933500
-0.9048210000	-0.9030662000	0.0895861000	-0.0500582250
-0.8827500000	-0.8925956000	0.0788543500	-0.0151968000
-0.8966890000	-0.8895934000	0.0793979000	0.0466990750
-0.8811950000	-0.8800647000	0.0933127500	0.0854141500
-0.8764670000	-0.8704902000	0.1065923500	0.0803019250
-0.8468050000	-0.8561813000	0.1125191000	0.0524469500
-0.8463450000	-0.8465789000	0.1115015500	0.0345116750
-0.8477740000	-0.8370901000	0.1176318500	0.0235404250
-0.8147840000	-0.8222383000	0.1209260000	0.0015419000
-0.8107420000	-0.8108390000	0.1183305500	-0.0225699000
-0.7998700000	-0.7989329000	0.1137769500	-0.0386639750
-0.7883400000	-0.7883746000	0.1089560000	-0.0439498500
-0.7769010000	-0.7772650000	0.1051606000	-0.0436452250
-0.7661020000	-0.7668760000	0.0999583500	-0.0370898500
-0.7562920000	-0.7572560000	0.0956197500	-0.0190897750
-0.7496260000	-0.7483674000	0.0943474500	0.0080768500
-0.7390350000	-0.7390576000	0.0974369000	0.0350907500
-0.7284140000	-0.7290757000	0.1030565500	0.0524124000
-0.7220640000	-0.7187659000	0.1096664500	0.0582972000
-0.7052770000	-0.7068575000	0.1159191500	0.0532163250
-0.6929860000	-0.6950378000	0.1206125000	0.0371056500
-0.6889530000	-0.6837287000	0.1260028500	0.0048805000
-0.6679100000	-0.6690976000	0.1251388000	-0.0358530500
-0.6544060000	-0.6565737000	0.1160720500	-0.0557682500
-0.6396320000	-0.6451484000	0.1055427500	-0.0372110500
-0.6440760000	-0.6378237000	0.1041449500	-0.0001778750
-0.6280820000	-0.6265513000	0.1115799500	0.0144479500
-0.6120990000	-0.6139858000	0.1144797500	0.0021657500
-0.6012030000	-0.6017748000	0.1098560500	0.0022010250
-0.5888160000	-0.5916747000	0.1053369500	0.0439919750
-0.5830240000	-0.5828164000	0.1126619500	0.1047305500
-0.5809300000	-0.5725147000	0.1338114000	0.1211914250
-0.5553730000	-0.5556948000	0.1524829000	0.0577957500
-0.5358170000	-0.5383019000	0.1532638000	-0.0502265750
-0.5189380000	-0.5222624000	0.1369223500	-0.1324079500
-0.5101990000	-0.5104553000	0.1140504500	-0.1387448250
-0.4994670000	-0.5007048000	0.0984123500	-0.0724820750
-0.4911300000	-0.4921898000	0.0947766500	0.0242655750
-0.4875840000	-0.4844909000	0.1074975500	0.0936989500
-0.4730770000	-0.4718167000	0.1249706500	0.1003382750
-0.4666920000	-0.4586280000	0.1363575000	0.0634253000
-0.4261770000	-0.4407331000	0.1349760500	0.0306693750
-0.4334200000	-0.4312656000	0.1321102500	0.0281272250
-0.4293220000	-0.4191762000	0.1423856500	0.0168352000
-0.4012860000	-0.4019070000	0.1467480500	-0.0287330250
-0.3788850000	-0.3857089000	0.1382152000	-0.0743094750
-0.3640920000	-0.3719809000	0.1196362000	-0.0700696000
-0.3814710000	-0.3662083000	0.1149694500	-0.0188614000
-0.3414430000	-0.3505493000	0.1196592500	0.0296171250
-0.3462440000	-0.3411210000	0.1261613000	0.0510731000
-0.3201990000	-0.3254387000	0.1330639000	0.0404418250
-0.3214790000	-0.3147367000	0.1370185000	0.0080998500
-0.2967020000	-0.2979333000	0.1374703500	-0.0311765250
-0.2814050000	-0.2844654000	0.1276593000	-0.0514126250
-0.2665580000	-0.2723397000	0.1196436000	-0.0439343750
-0.2710350000	-0.2631922000	0.1187264500	-0.0379441750
-0.2555830000	-0.2499899000	0.1203030000	-0.0563692250
-0.2220950000	-0.2351559000	0.1102830000	-0.0779437250
-0.2247490000	-0.2261488000	0.0943564000	-0.0565240500
-0.2314800000	-0.2203501000	0.0908256000	0.0073897750
-0.1997590000	-0.2089812000	0.0973976500	0.0749883000
-0.2064700000	-0.2009142000	0.1098612500	0.1174831225
-0.1901270000	-0.1883249000	0.1268023000	0.1191444150
-0.1720100000	-0.1743161000	0.1382608500	0.0879963325
-0.1660220000	-0.1604632000	0.1462381950	0.0410569350
-0.1363530000	-0.1435758000	0.1462345400	-0.0060735325
-0.1336910000	-0.1307214000	0.1423360500	-0.0395817200
-0.1189100000	-0.1158657100	0.1369865500	-0.0563703520
-0.0959020000	-0.1019820000	0.1289102700	-0.0522444985
-0.0874781000	-0.0897366700	0.1214972300	-0.0249821205
-0.0897448000	-0.0803865600	0.1232494510	0.0079311395
-0.0572507000	-0.0648120600	0.1263867010	0.0294328830
-0.0595268000	-0.0546205600	0.1305539640	0.0385459020
-0.0330965000	-0.0388635180	0.1348930280	0.0337214725
-0.0376592000	-0.0282529020	0.1390709010	0.0158473095
-0.0046264800	-0.0107416840	0.1414271530	-0.0163201805
0.0030805400	0.0021557700	0.1350606810	-0.0452147590
0.0133429000	0.0154115800	0.1294655110	-0.0567031175
0.0294619000	0.0284575340	0.1207992970	-0.0431367780
0.0402858000	0.0393771800	0.1168916440	-0.0044448875
0.0563898000	0.0515351000	0.1175198360	0.0397155360
0.0475823000	0.0602014500	0.1279568880	0.0613601935
0.0845937000	0.0771266200	0.1390265350	0.0362071550
0.0894325000	0.0906402700	0.1392463750	-0.0154415960
0.1024720000	0.1050705700	0.1342901250	-0.0627073665
0.1269590000	0.1190428500	0.1218969150	-0.0816648975
0.1234410000	0.1285132000	0.1129658200	-0.0665401625
0.1413340000	0.1408008000	0.1067119650	-0.0266627200
0.1523100000	0.1502715000	0.1047384750	0.0319574500
0.1642110000	0.1608962000	0.1108242000	0.0880638125
0.1589440000	0.1695129000	0.1277921500	0.1051600675
0.1882760000	0.1862342000	0.1438224500	0.0642013625
0.2020690000	0.2015706000	0.1457114500	0.0008294250
0.2230010000	0.2177729000	0.1360914000	-0.0286904750
0.2259320000	0.2279899000	0.1288489000	-0.0105072000
0.2414470000	0.2407490000	0.1335627000	0.0078817000
0.2452060000	0.2534082000	0.1415183500	-0.0225449500
0.2764250000	0.2713285000	0.1387803500	-0.0930776000
0.2915820000	0.2853299000	0.1180886000	-0.1395106250
0.2925620000	0.2943911000	0.0968691500	-0.1133606250
0.3037910000	0.3025013000	0.0863700500	-0.0296049000
0.3064920000	0.3095522000	0.0905716500	0.0626015250
0.3201590000	0.3191849000	0.1063701500	0.1093905750
0.3290920000	0.3308753000	0.1218999500	0.0932950750
0.3362540000	0.3434540000	0.1332297500	0.0314073750
0.3730670000	0.3612567000	0.1279460000	-0.0287408000
0.3650470000	0.3700849000	0.1176327000	-0.0456090500
0.3886050000	0.3830675000	0.1127231500	-0.0344680500
0.3810630000	0.3907998000	0.1140333000	-0.0325825500
0.4109680000	0.4060167000	0.1147433000	-0.0602787750
0.4195530000	0.4172356000	0.1014972500	-0.0809774750
0.4264580000	0.4261743000	0.0889913500	-0.0574365500
0.4382290000	0.4340505000	0.0821469000	0.0025281500
0.4293790000	0.4390878000	0.0917968500	0.0531870750
0.4563620000	0.4521956000	0.1031041500	0.0587298750
0.4577220000	0.4616500000	0.1081693000	0.0389132250
0.4840770000	0.4754426000	0.1066437500	0.0270689250
0.4753550000	0.4819118000	0.1083400500	0.0297760750
0.4956020000	0.4950001000	0.1162681500	0.0163682500
0.5006180000	0.5059809000	0.1190944500	-0.0223512250
0.5315700000	0.5215414000	0.1119328000	-0.0566410000
0.5276380000	0.5297814000	0.0980645000	-0.0477977250
0.5370200000	0.5382684000	0.0954984500	-0.0037946000
0.5494640000	0.5478393000	0.0996873000	0.0355219000
0.5488300000	0.5572313000	0.1087900500	0.0473461250
0.5811990000	0.5714243000	0.1129223500	0.0328632000
0.5786470000	0.5807415000	0.1133861000	0.0091116500
0.5850290000	0.5916603000	0.1172763000	-0.0293242500
0.6115410000	0.6059405000	0.1122587000	-0.0748923250
0.6149120000	0.6164851000	0.0979114500	-0.0893879000
0.6347120000	0.6260653000	0.0835455500	-0.0524791500
0.6276680000	0.6308197000	0.0809133500	0.0097805500
0.6251040000	0.6378712000	0.0934756500	0.0405221250
0.6629810000	0.6518862000	0.1008784000	0.0215004250
0.6622860000	0.6615473000	0.0960956000	-0.0052453500
0.6644900000	0.6692729000	0.0939604500	-0.0182863500
0.6862830000	0.6798874000	0.0925923500	-0.0311201500
0.6746500000	0.6868184000	0.0929431000	-0.0577902000
0.7131760000	0.7009074000	0.0832833000	-0.0819473250
0.7061760000	0.7057142000	0.0673147500	-0.0608493000
0.7084350000	0.7114909000	0.0617337500	0.0062085000
0.7145660000	0.7159451000	0.0686680500	0.0774212500
0.7265090000	0.7245130000	0.0840925000	0.1067371750
0.7251230000	0.7323820000	0.0996818000	0.0730060000
0.7512810000	0.7458416000	0.1063154500	-0.0076744250
0.7531820000	0.7558871000	0.0985844500	-0.0878222000
0.7701730000	0.7669847000	0.0812441000	-0.1169869250
0.7781120000	0.7731173000	0.0623080500	-0.0718091250
0.7752860000	0.7767820000	0.0584096500	0.0156262750
0.7746250000	0.7812988000	0.0703487500	0.0775993500
0.7910290000	0.7902424000	0.0876719500	0.0697733000
0.8037460000	0.8016465000	0.0928592000	0.0096586000
0.8062800000	0.8102426000	0.0875536000	-0.0506887000
0.8322380000	0.8204969000	0.0760354000	-0.0833490500
0.8143090000	0.8241036000	0.0667086000	-0.0922003000
0.8310930000	0.8321324000	0.0613694500	-0.0986804000
0.8508580000	0.8397584000	0.0464883500	-0.0849019250
0.8343800000	0.8411256000	0.0345869500	-0.0195199250
0.8488970000	0.8447597000	0.0337504500	0.0860973750
0.8431330000	0.8451818000	0.0524953500	0.1714107000
0.8461250000	0.8521748000	0.0836306500	0.1597281250
0.8548620000	0.8626319000	0.1055544000	0.0399694750
0.8923610000	0.8794912000	0.0977342500	-0.1049435750
0.8867660000	0.8865736000	0.0668984500	-0.1577202500
0.8960870000	0.8911357000	0.0425724000	-0.0852201000
0.8869140000	0.8909034000	0.0406925500	0.0390382750
0.8872880000	0.8944952000	0.0633994000	0.0987966750
0.9078620000	0.9047793000	0.0824016000	0.0424523500
0.9101610000	0.9143864000	0.0823235000	-0.0745800250
0.9345330000	0.9252433000	0.0598624500	-0.1526062250
0.9311420000	0.9275855000	0.0323650000	-0.1264372750
0.9238330000	0.9279778000	0.0212187500	-0.0215998000
0.9243940000	0.9282258000	0.0304281500	0.0830233250
0.9388410000	0.9336270000	0.0492488500	0.1241844750
0.9281920000	0.9381356000	0.0661616500	0.0919912250
0.9519010000	0.9480518000	0.0742255000	0.0154112000
0.9627100000	0.9562058000	0.0675199500	-0.0588747500
0.9522690000	0.9610667000	0.0560876500	-0.0972038750
0.9746860000	0.9675868000	0.0434980500	-0.0970864000
0.9748980000	0.9707198000	0.0312401000	-0.0653660500
0.9600800000	0.9708319000	0.0297904000	-0.0285364500
0.9858050000	0.9768364000	0.0300544500	-0.0098164500
0.9719070000	0.9774113000	0.0299772000	-0.0046487500
0.9862720000	0.9826487000	0.0296134000	-0.0046739000
0.9822510000	0.9840997000	0.0265581500	0.0028345000
0.9872780000	0.9867017000	0.0297302500	0.0070749750
0.9929860000	0.9902629000	0.0313481500	-0.0064647000
0.9811590000	0.9920905000	0.0326310000	-0.0317071500
1.0115600000	0.9994986000	0.0237219500	-0.0397144500
0.9998990000	0.9983808000	0.0136541500	-0.0015854250
0.9936440000	0.9982964000	0.0181746500	0.0517230750
0.9926450000	0.9992077000	0.0335789000	0.0632765000
1.0117400000	1.0069434000	0.0429234000	0.0200445750
1.0108300000	1.0110695000	0.0379000000	-0.0327334000
1.0218800000	1.0153380000	0.0275370000	-0.0535374000
1.0074900000	1.0145590000	0.0220553000	-0.0465670750
1.0174800000	1.0182100000	0.0219142500	-0.0391974500
1.0260800000	1.0212800000	0.0160565000	-0.0308191750
1.0231600000	1.0220170000	0.0103445000	-0.0059324000
1.0197100000	1.0213770000	0.0118865000	0.0222633750
1.0184700000	1.0223940000	0.0209455000	0.0211115000
1.0255900000	1.0265890000	0.0246380000	-0.0143842500
1.0363000000	1.0302340000	0.0174750000	-0.0453475000
1.0342800000	1.0311010000	0.0057640000	-0.0337572500
1.0189300000	1.0283250000	0.0042325000	0.0126975000
1.0378400000	1.0309290000	0.0112395000	0.0503777500
1.0269900000	1.0309690000	0.0199555000	0.0498380000
1.0318100000	1.0341000000	0.0286455000	0.0006715000
1.0435000000	1.0387830000	0.0252985000	-0.0747767500
1.0349400000	1.0405830000	0.0110900000	-0.1270792500
1.0533400000	1.0428660000	-0.0101545000	-0.1171355000
1.0405800000	1.0382830000	-0.0254275000	-0.0441172500
1.0207600000	1.0325340000	-0.0196980000	0.0316940000
1.0373700000	1.0331890000	-0.0060800000	0.0493287500
1.0330600000	1.0337120000	0.0000345000	0.0134872500
1.0341900000	1.0347770000	-0.0039425000	-0.0287200000
1.0410000000	1.0341840000	-0.0136645000	-0.0371725000
1.0255200000	1.0302880000	-0.0169325000	-0.0167187500
1.0253600000	1.0290350000	-0.0143360000	0.0019167500
1.0338900000	1.0286810000	-0.0127140000	0.0060052500
1.0290900000	1.0274860000	-0.0138455000	0.0031162500
1.0168300000	1.0243220000	-0.0124025000	-0.0028655000
1.0317000000	1.0253350000	-0.0121855000	-0.0131669250
1.0204300000	1.0230740000	-0.0159355000	-0.0156978000
1.0229400000	1.0218970000	-0.0186040000	-0.0045876000
1.0229100000	1.0192320000	-0.0189318500	0.0106035000
1.0088300000	1.0161090000	-0.0129269000	0.0079083250
1.0167100000	1.0170920000	-0.0111058500	-0.0163616000
1.0235900000	1.0167993000	-0.0176691000	-0.0348283000
1.0163300000	1.0138356000	-0.0254666500	-0.0296787250
0.9987230000	1.0084072000	-0.0240310000	-0.0207245500
1.0117000000	1.0090666000	-0.0232978500	-0.0267041000
1.0095300000	1.0064028000	-0.0288146500	-0.0311421750
1.0110300000	1.0041300000	-0.0367702500	-0.0111120250
0.9817250000	0.9956280000	-0.0341191500	0.0230202500
1.0029700000	0.9965745000	-0.0271575000	0.0433649000
0.9918500000	0.9921753000	-0.0226222500	0.0448625500
0.9956850000	0.9919498000	-0.0184804000	0.0269025750
0.9753180000	0.9868063000	-0.0131552500	-0.0208467000
0.9994520000	0.9904030000	-0.0150042500	-0.0978477750
0.9846670000	0.9871172000	-0.0330215000	-0.1604449250
0.9905670000	0.9850206000	-0.0584808500	-0.1543686000
0.9771480000	0.9750925000	-0.0787181500	-0.0684724250
0.9648560000	0.9654816000	-0.0778146500	0.0431097500
0.9468200000	0.9557615000	-0.0591817000	0.1007431500
0.9568890000	0.9542951000	-0.0416273000	0.0803804500
0.9496970000	0.9509319000	-0.0391184500	0.0347021000
0.9575050000	0.9485379000	-0.0447560000	0.0258384750
0.9349230000	0.9402141000	-0.0442643000	0.0562216000
0.9292300000	0.9356111000	-0.0288591500	0.0671039500
0.9392820000	0.9357709000	-0.0176035000	0.0191281000
0.9332760000	0.9348689000	-0.0199045500	-0.0571635750
0.9406460000	0.9338812000	-0.0345958500	-0.1073853000
0.9264990000	0.9282233000	-0.0527005000	-0.0971949750
0.9173960000	0.9208497000	-0.0599317000	-0.0468521500
0.9268770000	0.9161986000	-0.0605855000	-0.0007338000
0.8915150000	0.9068050000	-0.0546240000	0.0132461000
0.9101570000	0.9052320000	-0.0498975500	-0.0110297750
0.9105260000	0.9008269000	-0.0575924500	-0.0407588250
0.8807330000	0.8919207000	-0.0629506500	-0.0546066000
0.8928700000	0.8875447000	-0.0683556000	-0.0572963000
0.8793260000	0.8794682000	-0.0754806500	-0.0434176250
0.8733230000	0.8722779000	-0.0803815500	-0.0124749500
0.8642590000	0.8629763000	-0.0813219500	0.0263618750
0.8494470000	0.8535548000	-0.0716072500	0.0413033000
0.8478610000	0.8486131000	-0.0638733500	0.0151554500
0.8401970000	0.8427803000	-0.0651693500	-0.0226959250
0.8511400000	0.8383385000	-0.0756442500	-0.0302578750
0.8195660000	0.8261303000	-0.0807397500	0.0005797000
0.8114380000	0.8183104000	-0.0731361000	0.0273366500
0.8176860000	0.8128217000	-0.0668863000	0.0224435000
0.8117080000	0.8071351000	-0.0668045000	0.0002933000
0.7916150000	0.7988407000	-0.0697359000	-0.0138791750
0.7944790000	0.7926710000	-0.0717597500	-0.0096846750
0.7918870000	0.7857431000	-0.0743570500	0.0098139500
0.7700820000	0.7763881000	-0.0710872000	0.0274292250
0.7691460000	0.7700890000	-0.0638268000	0.0161286500
0.7670080000	0.7647731000	-0.0610124500	-0.0289368250
0.7582390000	0.7594244000	-0.0679628000	-0.0784501250
0.7548470000	0.7524998000	-0.0825152000	-0.0889858750
0.7484320000	0.7434886000	-0.0969667000	-0.0366325750
0.7252600000	0.7304832000	-0.0971994000	0.0529079500
0.7227050000	0.7214458000	-0.0824129500	0.1175978250
0.7066710000	0.7128467000	-0.0613247000	0.1114810500
0.7113440000	0.7104602000	-0.0481891500	0.0380411750
0.7084250000	0.7066402000	-0.0524987500	-0.0494657750
0.7063290000	0.7014820000	-0.0660773000	-0.1029241500
0.6906850000	0.6926520000	-0.0802662000	-0.1142856750
0.6799400000	0.6837723000	-0.0897970500	-0.0994576500
0.6828170000	0.6760325000	-0.1006548500	-0.0636788000
0.6646300000	0.6642723000	-0.1092890500	0.0019843000
0.6492320000	0.6513240000	-0.1038246000	0.0727063750
0.6401650000	0.6413283000	-0.0878421000	0.1013210750
0.6239050000	0.6330874000	-0.0706982500	0.0653005250
0.6417190000	0.6308453000	-0.0686383500	-0.0048051250
0.6222540000	0.6219121000	-0.0786931500	-0.0524574500
0.6090940000	0.6131486000	-0.0865621500	-0.0639182000
0.6045740000	0.6039326000	-0.0920100500	-0.0585188750
0.5997350000	0.5953417000	-0.0963620000	-0.0523095750
0.5811180000	0.5849088000	-0.1031366500	-0.0378750750
0.5739990000	0.5742525000	-0.1073895500	-0.0006711250
0.5725740000	0.5640517000	-0.1082777000	0.0573725250
0.5394100000	0.5499047000	-0.0966943500	0.1072009000
0.5422850000	0.5425988000	-0.0772644500	0.1048857750
0.5376900000	0.5364497000	-0.0654469500	0.0485342500
0.5300740000	0.5314844000	-0.0656598000	-0.0215610500
0.5296090000	0.5252232000	-0.0765960000	-0.0591503500
0.5176650000	0.5158640000	-0.0862198500	-0.0532191250
0.5006280000	0.5057342000	-0.0884585000	-0.0330543250
0.4974320000	0.4976990000	-0.0878619000	-0.0254033750
0.4950270000	0.4900478000	-0.0918935000	-0.0258443250
0.4782870000	0.4794132000	-0.0962473000	-0.0189704250
0.4683040000	0.4694602000	-0.0970428500	-0.0058458750
0.4568900000	0.4594824000	-0.0955836000	0.0071712250
0.4560050000	0.4514356000	-0.0955079000	0.0226997750
0.4403590000	0.4406301000	-0.0943159500	0.0437219250
0.4275340000	0.4305206000	-0.0860186000	0.0514606750
0.4208970000	0.4228335000	-0.0766992000	0.0233691000
0.4165530000	0.4168711000	-0.0758357000	-0.0300440500
0.4162140000	0.4099640000	-0.0848569000	-0.0751271000
0.4007430000	0.4003179000	-0.0982365000	-0.0850984000
0.3792950000	0.3879726000	-0.1054951500	-0.0630782750
0.3926360000	0.3801882000	-0.1114785000	-0.0224467000
0.3595740000	0.3657005000	-0.1136956500	0.0336425000
0.3528570000	0.3547969000	-0.1045887500	0.0807887000
0.3484280000	0.3448653000	-0.0924443000	0.0921526750
0.3279010000	0.3353151000	-0.0777224500	0.0533059000
0.3338510000	0.3310469000	-0.0751839000	-0.0137852500
0.3241320000	0.3230522000	-0.0847955500	-0.0523886750
0.3225710000	0.3152002000	-0.0984514500	-0.0265927250
0.2932490000	0.3005480000	-0.0989256500	0.0409637500
0.2931050000	0.2923485000	-0.0850126000	0.0823480000
0.2770000000	0.2833216000	-0.0688602000	0.0552614750
0.2879960000	0.2812119000	-0.0654436500	-0.0187578500
0.2697650000	0.2726828000	-0.0763115000	-0.0752596500
0.2735000000	0.2666200000	-0.0918636500	-0.0681007750
0.2477760000	0.2530341000	-0.1003853500	0.0009911250
0.2491220000	0.2440762000	-0.0932216000	0.0823328750
0.2242280000	0.2328118000	-0.0772843000	0.1262539250
0.2267660000	0.2278146000	-0.0574419500	0.1095247250
0.2316540000	0.2245173000	-0.0497923000	0.0476323250
0.2101960000	0.2178698000	-0.0478808500	-0.0289757500
0.2204050000	0.2154465000	-0.0544934000	-0.1022993500
0.2070300000	0.2090566000	-0.0722220500	-0.1362293250
0.2067390000	0.2017785000	-0.0915723000	-0.1059656750
0.1979620000	0.1907450000	-0.1054570500	-0.0169184750
0.1604400000	0.1753268000	-0.0958618500	0.0720401000
0.1742140000	0.1698994000	-0.0773703000	0.0967638500
0.1604170000	0.1622019000	-0.0651652000	0.0609349000
0.1624620000	0.1590229000	-0.0652163000	0.0146360500
0.1465590000	0.1498568000	-0.0706160500	0.0038285250
0.1522150000	0.1439841000	-0.0705408500	0.0218201275
0.1225610000	0.1337601000	-0.0638961000	0.0328574525
0.1302790000	0.1306673000	-0.0562778000	0.0147422150
0.1358100000	0.1261215000	-0.0595617950	-0.0143214175
0.1166000000	0.1186517000	-0.0643990550	-0.0288758900
0.1016560000	0.1108818000	-0.0664181250	-0.0275107825
0.1149060000	0.1066639100	-0.0697758700	-0.0079535900
0.1033720000	0.0986878700	-0.0740827500	0.0379408050
0.0803591000	0.0886616800	-0.0661270100	0.0902245100
0.0812045000	0.0831315900	-0.0490191900	0.1041654175
0.0811214000	0.0799933100	-0.0342618950	0.0600534900
0.0801649000	0.0786378200	-0.0321877350	-0.0156551775
0.0723496000	0.0747307400	-0.0408304100	-0.0729226350
0.0775721000	0.0715072700	-0.0550633350	-0.0770042150
0.0613136000	0.0633225600	-0.0656435300	-0.0237579325
0.0572930000	0.0562039200	-0.0634743900	0.0511391625
0.0458914000	0.0489589800	-0.0512576550	0.1019801925
0.0408851000	0.0448043300	-0.0336159450	0.1018252150
0.0483544000	0.0442785800	-0.0246044900	0.0658668825
0.0387183000	0.0412786900	-0.0227563650	0.0340826425
0.0442700000	0.0399823300	-0.0233886450	0.0248574500
0.0317798000	0.0355251600	-0.0200573850	0.0261534350
0.0333927000	0.0348933400	-0.0138570250	0.0113905350
0.0340887000	0.0340581100	-0.0134929150	-0.0189982017
0.0393556000	0.0338719400	-0.0194193800	-0.0421001655
0.0269499000	0.0301865700	-0.0276072350	-0.0398144085
0.0258271000	0.0267378800	-0.0295982835	-0.0215733638
0.0296120000	0.0246119400	-0.0304322390	-0.0052871305
0.0115910000	0.0199733900	-0.0290704835	0.0046793000
0.0258853000	0.0193825330	-0.0288624235	0.0097533145
0.0165482000	0.0149090060	-0.0290666640	0.0150747743
0.0043937300	0.0113915720	-0.0240213205	0.0098612920
0.0107482000	0.0106469210	-0.0229249500	-0.0053830650
0.0158627000	0.0091044330	-0.0270970665	-0.0091424013
0.0064153500	0.0052732040	-0.0313037555	0.0116879670
-0.0111273000	-0.0003343460	-0.0259271325	0.0429609578
0.0068516400	0.0002878600	-0.0184034260	0.0653921752
-0.0012309400	-0.0021814800	-0.0131982365	0.0845078472
-0.0062268300	-0.0036794860	-0.0035016830	0.0986885366
-0.0070133600	-0.0042556370	0.0098964509	0.0917263372
-0.0022505800	-0.0013786490	0.0213595431	0.0562504632
0.0036828300	0.0022177770	0.0226399404	0.0145225544
0.0081037200	0.0043797368	0.0187892164	-0.0058123540
0.0027535300	0.0049989186	0.0164904226	-0.0042041381
0.0007603480	0.0058161262	0.0200664625	-0.0031446805
0.0175641000	0.0105898206	0.0193064574	-0.0107735656
0.0063808900	0.0105489408	0.0157864946	-0.0121089811
0.0186058000	0.0132395880	0.0139079186	-0.0046709636
0.0068657000	0.0123128690	0.0152469969	0.0029416382
0.0139154000	0.0156291200	0.0181070081	0.0040020873
0.0242426000	0.0182615800	0.0147419270	0.0153527174
0.0198072000	0.0184899400	0.0146816005	0.0463163754
0.0113345000	0.0184161200	0.0237585150	0.0683682257
0.0206010000	0.0219344800	0.0378665400	0.0454755185
0.0337642000	0.0286017300	0.0413109200	-0.0163553552
0.0269362000	0.0321322300	0.0321506550	-0.0641404025
0.0445516000	0.0361532500	0.0180976400	-0.0566152175
0.0363449000	0.0350442700	0.0104402950	0.0010528850
0.0229997000	0.0338432900	0.0199700400	0.0545312775
0.0430243000	0.0389105200	0.0324489450	0.0610949275
0.0431441000	0.0428556200	0.0372029100	0.0360365900
0.0483755000	0.0470688200	0.0369767200	0.0111078200
0.0501805000	0.0499650500	0.0355160350	0.0013849850
0.0475127000	0.0527316700	0.0378381600	-0.0004088325
0.0640080000	0.0588261400	0.0364678750	0.0049144250
0.0605134000	0.0610130000	0.0341046650	0.0294238625
0.0659967000	0.0640603100	0.0392738350	0.0584717375
0.0605543000	0.0669700600	0.0504904550	0.0630455075
0.0704729000	0.0739950900	0.0606412900	0.0348771375
0.0940308000	0.0830702600	0.0572774350	0.0100889175
0.0828924000	0.0858881900	0.0521109850	0.0263590325
0.0872945000	0.0903392200	0.0578237000	0.0620097575
0.0941888000	0.0961975600	0.0703760950	0.0712346800
0.1060210000	0.1049802100	0.0821001150	0.0289245350
0.1156970000	0.1148944800	0.0802201150	-0.0364330375
0.1186520000	0.1218869000	0.0706992900	-0.0750648525
0.1426220000	0.1309023000	0.0546768150	-0.0527620175
0.1216020000	0.1306499000	0.0505586600	0.0195144050
0.1423300000	0.1382333000	0.0599592000	0.0844716500
0.1315350000	0.1413672000	0.0775198000	0.0940959825
0.1641170000	0.1550582000	0.0897607500	0.0383053700
0.1530360000	0.1613416000	0.0885913000	-0.0401027000
0.1826420000	0.1740838000	0.0773988500	-0.0864606250
0.1762190000	0.1785472000	0.0590756000	-0.0571013250
0.1876430000	0.1839791000	0.0537279000	0.0367789500
0.1869900000	0.1867063000	0.0652113500	0.1258330000
0.1801590000	0.1927941000	0.0933308500	0.1335766500
0.2072800000	0.2068995000	0.1118779500	0.0451913000
0.2311220000	0.2213569000	0.1046513000	-0.0573210500
0.2303230000	0.2298737000	0.0843823000	-0.0873904000
0.2337160000	0.2357118000	0.0718072500	-0.0366355750
0.2404890000	0.2412509000	0.0761034000	0.0267955750
0.2495080000	0.2497912000	0.0886313000	0.0324447000
0.2537820000	0.2595138000	0.0954835000	-0.0278327750
0.2776220000	0.2720453000	0.0855679000	-0.0943007250
0.2852610000	0.2796806000	0.0636101000	-0.0905805500
0.2823710000	0.2830571000	0.0503185000	-0.0004885250
0.2819940000	0.2853545000	0.0597477500	0.1088566000
0.2889550000	0.2922946000	0.0846899000	0.1515582750
0.2976560000	0.3026305000	0.1078495000	0.0978983750
0.3254550000	0.3179285000	0.1116881000	-0.0047699250
0.3248670000	0.3274896000	0.0996822000	-0.0817832250
0.3434640000	0.3375842000	0.0852517500	-0.1031242000
0.3399340000	0.3435742000	0.0735861000	-0.0777788250
0.3469290000	0.3508045000	0.0689593000	-0.0249878000
0.3703530000	0.3591282000	0.0653470000	0.0474692000
0.3562910000	0.3621626000	0.0736782000	0.1201979000
0.3634960000	0.3695894000	0.0975710000	0.1351338750
0.3818350000	0.3821735000	0.1180636500	0.0627694500
0.3953050000	0.3968090000	0.1191012000	-0.0495972000
0.4205020000	0.4105522000	0.0985623000	-0.1124302750
0.4187000000	0.4168175000	0.0765271000	-0.0795212250
0.4136690000	0.4207727000	0.0750756500	-0.0039269750
0.4297280000	0.4294901000	0.0864087500	0.0304898500
0.4356930000	0.4392040000	0.0948660500	-0.0005538250
0.4585650000	0.4516389000	0.0889948000	-0.0519024000
0.4590130000	0.4584330000	0.0752354000	-0.0634849000
0.4629890000	0.4647826000	0.0673418000	-0.0232854250
0.4694770000	0.4704903000	0.0682967000	0.0414212500
0.4803250000	0.4779572000	0.0775366500	0.0940106750
0.4813540000	0.4850791000	0.0920276000	0.1055298500
0.4936210000	0.4954163000	0.1076683500	0.0640040500
0.5080060000	0.5084725000	0.1114109500	-0.0028221750
0.5206340000	0.5204961000	0.1017779000	-0.0340475250
0.5428370000	0.5305690000	0.0896722500	0.0010908750
0.5271180000	0.5345599000	0.0942743500	0.0582888000
0.5308320000	0.5440582000	0.1159366500	0.0484620000
0.5691550000	0.5613980000	0.1233093500	-0.0440996500
0.5818710000	0.5747498000	0.1061324500	-0.1376158250
0.5848360000	0.5834935000	0.0786765000	-0.1510158000
0.5812000000	0.5872457000	0.0620812500	-0.0777969750
0.6002940000	0.5941633000	0.0606520500	0.0267979000
0.5955260000	0.5983929000	0.0713732500	0.1043646000
0.6021690000	0.6062649000	0.0913071500	0.1121468250
0.6156990000	0.6170695000	0.1065909500	0.0442278250
0.6312290000	0.6302876000	0.1064210000	-0.0550467250
0.6455770000	0.6415816000	0.0891839000	-0.1165210000
0.6532390000	0.6488997000	0.0681448500	-0.0970312750
0.6488730000	0.6524290000	0.0598255500	-0.0196829750
0.6559120000	0.6580774000	0.0666244000	0.0525293000
0.6649190000	0.6652374000	0.0801966500	0.0712793250
0.6763030000	0.6750940000	0.0895909000	0.0341962750
0.6793950000	0.6840166000	0.0902371000	-0.0220259250
0.7011880000	0.6950680000	0.0809809000	-0.0488031000
0.7026850000	0.7012920000	0.0693837500	-0.0166315250
0.7054650000	0.7065204000	0.0700283500	0.0495418000
0.7094790000	0.7125202000	0.0842756000	0.0859785750
0.7178280000	0.7224971000	0.1011085000	0.0520446500
0.7380150000	0.7355305000	0.1043899500	-0.0294953000
0.7532060000	0.7472121000	0.0896852000	-0.0877665250
0.7516980000	0.7530947000	0.0738163000	-0.0812189500
0.7620430000	0.7600063000	0.0662262500	-0.0288849500
0.7556420000	0.7641796000	0.0702280000	0.0215958000
0.7840050000	0.7744489000	0.0773713500	0.0345820250
0.7754340000	0.7802547000	0.0820126500	0.0094697250
0.7842740000	0.7900203000	0.0830488000	-0.0339968250
0.8086110000	0.7995841000	0.0739813000	-0.0593072250
0.8110120000	0.8065084000	0.0606267500	-0.0321872750
0.7953910000	0.8081700000	0.0598176000	0.0320496500
0.8287580000	0.8171166000	0.0704131500	0.0772387750
0.8119850000	0.8215579000	0.0854005000	0.0615708000
0.8303700000	0.8338833000	0.0949505000	-0.0146965250
0.8539920000	0.8454969000	0.0830626500	-0.0911272750
0.8566410000	0.8523555000	0.0636662000	-0.1089220250
0.8529940000	0.8557762000	0.0509320000	-0.0721250250
0.8526490000	0.8593887000	0.0509485000	-0.0236437750
0.8732140000	0.8670416000	0.0519524000	0.0117355000
0.8742340000	0.8715583000	0.0510740500	0.0478739250
0.8708000000	0.8751921000	0.0578982000	0.0821134750
0.8779700000	0.8809197000	0.0728281500	0.0822837750
0.8910990000	0.8904108000	0.0850831500	0.0287036000
0.8992850000	0.9003625000	0.0836516500	-0.0507597250
0.9144020000	0.9094334000	0.0698099000	-0.1048922750
0.9175130000	0.9149136000	0.0521873500	-0.1054249750
0.9120310000	0.9174398000	0.0434801000	-0.0707244500
0.9269330000	0.9228282000	0.0406426000	-0.0376911500
0.9229800000	0.9258349000	0.0392407000	-0.0191819250
0.9330150000	0.9307759000	0.0379754000	-0.0097827000
0.9345020000	0.9338087000	0.0355697000	0.0054537250
0.9338020000	0.9368141000	0.0376459000	0.0288296500
0.9434650000	0.9414974000	0.0409211000	0.0527383000
0.9439840000	0.9445280000	0.0491777500	0.0604842750
0.9510400000	0.9505564000	0.0584411000	0.0325110000
0.9465320000	0.9559810000	0.0631136500	-0.0247111000
0.9769070000	0.9666534000	0.0530427500	-0.0690512500
0.9738040000	0.9690253000	0.0366169000	-0.0581964750
0.9671940000	0.9704391000	0.0328156500	-0.0151539500
0.9603030000	0.9717152000	0.0418164000	-0.0025283500
0.9904940000	0.9809647000	0.0453239500	-0.0414146250
0.9867600000	0.9849200000	0.0326448500	-0.0822594500
0.9863510000	0.9869200000	0.0184052500	-0.0787769500
0.9881670000	0.9870970000	0.0101231000	-0.0344051000
0.9834480000	0.9870993000	0.0124394500	0.0194025250
0.9919440000	0.9897255000	0.0175967500	0.0629166000
0.9906280000	0.9910620000	0.0245073500	0.1012757000
0.9931600000	0.9936294000	0.0368247500	0.1283902250
0.9944520000	0.9971606000	0.0546314500	0.1172727500
1.0015500000	1.0042774000	0.0706065000	0.0442953500
1.0137500000	1.0133492000	0.0728281000	-0.0752980250
1.0270100000	1.0224700000	0.0541555000	-0.1793890750
1.0269200000	1.0260280000	0.0238466000	-0.2027362500
1.0337700000	1.0269730000	-0.0028486000	-0.1305662000
1.0172900000	1.0220440000	-0.0102920000	-0.0135249500
1.0192200000	1.0210720000	0.0023865000	0.0655875500
1.0183800000	1.0224000000	0.0176495000	0.0682890500
1.0287300000	1.0268450000	0.0237945000	0.0218295000
1.0372900000	1.0299890000	0.0179110000	-0.0218590000
1.0229700000	1.0290630000	0.0130995000	-0.0420165000
1.0289500000	1.0308840000	0.0111565000	-0.0525512500
1.0375400000	1.0332720000	0.0037395000	-0.0470337500
1.0347300000	1.0330600000	-0.0060100000	-0.0013557500
1.0322300000	1.0303890000	-0.0053860000	0.0748875000
1.0231900000	1.0282880000	0.0123140000	0.1213620000
1.0215900000	1.0308840000	0.0354495000	0.0847167500
1.0477500000	1.0392040000	0.0425395000	-0.0161622500
1.0483700000	1.0441270000	0.0268580000	-0.0981480000
1.0379300000	1.0437350000	0.0082590000	-0.1066052500
1.0548400000	1.0448450000	-0.0038260000	-0.0591357500
1.0314600000	1.0404890000	-0.0025895000	-0.0123070000
1.0419400000	1.0426780000	0.0045490000	-0.0142087500
1.0475600000	1.0441880000	0.0014315000	-0.0501855000
1.0461400000	1.0445430000	-0.0092260000	-0.0736915000
1.0440200000	1.0423400000	-0.0214215000	-0.0579172500
1.0357700000	1.0384110000	-0.0252080000	-0.0144352500
1.0359400000	1.0361150000	-0.0218995000	0.0245417500
1.0349700000	1.0343770000	-0.0166775000	0.0423897500
1.0318900000	1.0327790000	-0.0111020000	0.0358317500
1.0324600000	1.0319680000	-0.0063730000	0.0047757500
1.0294300000	1.0318790000	-0.0067045000	-0.0411262500
1.0322300000	1.0319060000	-0.0148480000	-0.0740407500
1.0398000000	1.0310110000	-0.0291995000	-0.0621437500
1.0192200000	1.0246900000	-0.0373100000	-0.0016515000
1.0185800000	1.0202430000	-0.0298245000	0.0616468500
1.0210300000	1.0184890000	-0.0170345000	0.0805093500
1.0078100000	1.0163970000	-0.0037595000	0.0389741500
1.0287700000	1.0200880000	-0.0032608000	-0.0393008250
1.0145500000	1.0176840000	-0.0144742000	-0.1030476500
1.0200500000	1.0174920000	-0.0313834000	-0.1155575500
1.0131900000	1.0118544000	-0.0475842500	-0.0636476500
1.0104700000	1.0064138000	-0.0511125000	0.0219606250
0.9901940000	0.9984674000	-0.0398410500	0.0826358000
0.9954400000	0.9965873000	-0.0206351000	0.0736745500
0.9988880000	0.9974294000	-0.0152791500	0.0177849000
0.9954790000	0.9961394000	-0.0221542000	-0.0182621250
1.0067100000	0.9942470000	-0.0318374500	-0.0061692000
0.9728420000	0.9856400000	-0.0269926000	0.0137767750
0.9801000000	0.9856008000	-0.0139754000	-0.0234564000
0.9959330000	0.9880678000	-0.0210658000	-0.0946185500
0.9913480000	0.9855260000	-0.0434885500	-0.1195194000
0.9812080000	0.9783472000	-0.0635452000	-0.0657437250
0.9554860000	0.9669254000	-0.0594299000	0.0064454500
0.9690390000	0.9651755000	-0.0476842000	0.0240625000
0.9554680000	0.9600968000	-0.0444020000	-0.0030927750
0.9724830000	0.9595815000	-0.0539310000	-0.0150867750
0.9405660000	0.9481748000	-0.0596756500	0.0186701500
0.9447760000	0.9438264000	-0.0504988500	0.0538348250
0.9294980000	0.9375276000	-0.0381532000	0.0421482250
0.9465490000	0.9382279000	-0.0331379500	-0.0152780500
0.9340680000	0.9337479000	-0.0428858000	-0.0706267000
0.9241750000	0.9289244000	-0.0552969500	-0.0804696750
0.9302610000	0.9230420000	-0.0664377500	-0.0397594750
0.9173370000	0.9149365000	-0.0687061500	0.0278014750
0.8922840000	0.9056342000	-0.0573003000	0.0731322750
0.9107520000	0.9035435000	-0.0436003000	0.0626561250
0.9007670000	0.8993208000	-0.0380885000	0.0042636000
0.8889880000	0.8959452000	-0.0410484500	-0.0696268500
0.8983760000	0.8927642000	-0.0540763000	-0.1226499000
0.8944620000	0.8872944000	-0.0742825000	-0.1232009750
0.8664710000	0.8757053000	-0.0872262000	-0.0706053500
0.8764140000	0.8685743000	-0.0909225500	0.0070584250
0.8510410000	0.8566743000	-0.0852925500	0.0808478250
0.8506010000	0.8498329000	-0.0699065000	0.1185357500
0.8420780000	0.8429351000	-0.0545124000	0.1042065750
0.8332730000	0.8384739000	-0.0410626000	0.0404095500
0.8422500000	0.8373107000	-0.0422150500	-0.0431365000
0.8323900000	0.8323537000	-0.0551961000	-0.0984090500
0.8307030000	0.8263807000	-0.0707863000	-0.1064029000
0.8147980000	0.8168722000	-0.0812312000	-0.0824814000
0.8043690000	0.8085363000	-0.0852795500	-0.0570240250
0.8069960000	0.8008946000	-0.0896341000	-0.0425192250
0.7935960000	0.7912997000	-0.0948221000	-0.0311993750
0.7702340000	0.7798894000	-0.0959638500	-0.0183307250
0.7797840000	0.7727879000	-0.0977318000	-0.0002649750
0.7642020000	0.7617404000	-0.0997362000	0.0286773500
0.7462750000	0.7504524000	-0.0930077000	0.0498668000
0.7382440000	0.7415726000	-0.0824758000	0.0368766500
0.7347480000	0.7354674000	-0.0786158000	-0.0027395500
0.7365020000	0.7290184000	-0.0862434500	-0.0288018250
0.7199150000	0.7182353000	-0.0941397000	-0.0169477750
0.6966060000	0.7066056000	-0.0916483500	0.0094254750
0.7017290000	0.6995958000	-0.0856945500	0.0172607750
0.6998420000	0.6922748000	-0.0859991500	0.0086406250
0.6762310000	0.6815764000	-0.0855889000	-0.0056043000
0.6708540000	0.6739395000	-0.0857711000	-0.0216828750
0.6677190000	0.6656274000	-0.0889299000	-0.0290658000
0.6682370000	0.6583705000	-0.0970704000	-0.0119243750
0.6309850000	0.6437092000	-0.0968948000	0.0230776250
0.6424950000	0.6368564000	-0.0876210500	0.0343629250
0.6239690000	0.6273564000	-0.0818430500	0.0050934500
0.6204390000	0.6212342000	-0.0821376000	-0.0473342750
0.6208350000	0.6137163000	-0.0952249000	-0.0812144000
0.5984830000	0.6015368000	-0.1066736500	-0.0717279250
0.5920100000	0.5909935000	-0.1133126000	-0.0314534750
0.5753070000	0.5782246000	-0.1135026000	0.0199393750
0.5734800000	0.5681967000	-0.1083058000	0.0575902500
0.5515550000	0.5555848000	-0.0983959000	0.0595604000
0.5423130000	0.5470055000	-0.0869220500	0.0102481500
0.5427350000	0.5408206000	-0.0895943500	-0.0616435500
0.5387430000	0.5325833000	-0.1061595500	-0.0927909000
0.5235990000	0.5198999000	-0.1237034500	-0.0483039250
0.4958800000	0.5036444000	-0.1232653000	0.0358235500
0.4926220000	0.4927500000	-0.1089639000	0.0878607750
0.4817390000	0.4825565000	-0.0934735500	0.0730391750
0.4781750000	0.4757933000	-0.0875379000	0.0107548250
0.4611350000	0.4661324000	-0.0921443500	-0.0496896000
0.4668630000	0.4588469000	-0.1041450000	-0.0676509250
0.4449690000	0.4456471000	-0.1153810500	-0.0323561500
0.4306340000	0.4331193000	-0.1147068000	0.0227740500
0.4204660000	0.4210704000	-0.1047275000	0.0454002750
0.4109240000	0.4123380000	-0.0953985000	0.0115616000
0.4007550000	0.4034667000	-0.0960499000	-0.0562170000
0.4066080000	0.3960966000	-0.1099316500	-0.1077399250
0.3761170000	0.3817066000	-0.1278409500	-0.1054524500
0.3698660000	0.3684713000	-0.1373144500	-0.0594313000
0.3588950000	0.3542208000	-0.1410023000	-0.0014268750
0.3286170000	0.3380238000	-0.1342502000	0.0369470500
0.3335450000	0.3274408000	-0.1267913500	0.0400575750
0.3110240000	0.3139661000	-0.1240773500	0.0291594000
0.3020510000	0.3025566000	-0.1230539000	0.0293717750
0.2957560000	0.2903901000	-0.1236146500	0.0540115750
0.2702570000	0.2759861000	-0.1151669500	0.0823034750
0.2652370000	0.2655534000	-0.1001435500	0.0684845500
0.2547960000	0.2567484000	-0.0902966500	-0.0029317250
0.2487240000	0.2497587000	-0.0953982000	-0.0949097000
0.2501210000	0.2412454000	-0.1171286000	-0.1383835750
0.2276200000	0.2266623000	-0.1397908500	-0.0941153000
0.2044860000	0.2094809000	-0.1451959000	0.0016200250
0.1982050000	0.1951204000	-0.1339342500	0.0720406250
0.1750940000	0.1817368000	-0.1172532500	0.0714483875
0.1716040000	0.1730098000	-0.1094786500	0.0205652025
0.1728880000	0.1639142000	-0.1174997000	-0.0129693150
0.1495130000	0.1496210000	-0.1256532750	0.0084138100
0.1302620000	0.1349902000	-0.1198880950	0.0467144750
0.1202540000	0.1237806000	-0.1060793150	0.0408019950
0.1164320000	0.1156606500	-0.1000591150	-0.0199678450
0.1138890000	0.1072619100	-0.1096527500	-0.0888404318
0.0923305000	0.0944624000	-0.1273837000	-0.1127745180
0.0792841000	0.0801144400	-0.1398774500	-0.0847193285
0.0725238000	0.0666117700	-0.1479989335	-0.0272096375
0.0404104000	0.0485533700	-0.1450746140	0.0279633195
0.0443030000	0.0368747200	-0.1368083435	0.0501198065
0.0109544000	0.0211226130	-0.1296312460	0.0414275170
0.0162818000	0.0115079760	-0.1255212390	0.0201916090
0.0058285300	-0.0010023880	-0.1309233300	0.0188933175
-0.0279163000	-0.0174389740	-0.1273077810	0.0382739940
-0.0210234000	-0.0274867170	-0.1198162690	0.0461820820
-0.0486166000	-0.0409124300	-0.1132920365	0.0330313065
-0.0435363000	-0.0491991500	-0.1108628460	0.0030941570
-0.0576222000	-0.0613106700	-0.1153252765	-0.0275112675
-0.0843453000	-0.0747057700	-0.1156859950	-0.0629728685
-0.0782381000	-0.0835318400	-0.1232802950	-0.0992896455
-0.0944196000	-0.0963785900	-0.1403928400	-0.0944172318
-0.1072140000	-0.1112620300	-0.1563127300	-0.0193338625
-0.1308580000	-0.1308385600	-0.1533466950	0.0910311200
-0.1549710000	-0.1466402000	-0.1297410350	0.1540675350
-0.1661640000	-0.1577346000	-0.1025706750	0.1208047575
-0.1452600000	-0.1613787000	-0.0965774700	0.0304540450
-0.1813700000	-0.1749392000	-0.1040563500	-0.0453686025
-0.1827080000	-0.1839866000	-0.1127746000	-0.0849970925
-0.2018120000	-0.1976869000	-0.1219144500	-0.0978105900
-0.1974100000	-0.2070246000	-0.1331993000	-0.0889172750
-0.2280150000	-0.2237489000	-0.1457469000	-0.0471939000
-0.2382440000	-0.2384742000	-0.1475434500	0.0180759500
-0.2523090000	-0.2541766000	-0.1408558500	0.0738789250
-0.2737080000	-0.2681522000	-0.1262471500	0.0881888000
-0.2806110000	-0.2792355000	-0.1143400000	0.0510871000
-0.2826060000	-0.2887291000	-0.1121441500	-0.0117374750
-0.3049740000	-0.3005567000	-0.1197154500	-0.0608750500
-0.3119890000	-0.3126633000	-0.1299590500	-0.0718062000
-0.3158700000	-0.3254791000	-0.1407806500	-0.0418796500
-0.3543830000	-0.3432933000	-0.1416712500	0.0091643000
-0.3535930000	-0.3552580000	-0.1357026000	0.0515920250
-0.3644860000	-0.3689978000	-0.1287925500	0.0737485000
-0.3846000000	-0.3818935000	-0.1189540000	0.0686706750
-0.4012650000	-0.3941262000	-0.1090644000	0.0327025500
-0.3954400000	-0.4014919000	-0.1087431500	-0.0140777250
-0.4116360000	-0.4133483000	-0.1174332500	-0.0382301250
-0.4227570000	-0.4258906000	-0.1236486500	-0.0367306250
-0.4492800000	-0.4408236000	-0.1224521500	-0.0408463250
-0.4506060000	-0.4501691000	-0.1239222500	-0.0624869000
-0.4527540000	-0.4616432000	-0.1371107500	-0.0635055250
-0.4724420000	-0.4769709000	-0.1502600000	-0.0062943000
-0.5100400000	-0.4965734000	-0.1452085500	0.0823127500
-0.5037470000	-0.5082071000	-0.1261336500	0.1377395250
-0.5204420000	-0.5204770000	-0.1063245500	0.1235587250
-0.5336770000	-0.5292100000	-0.0932482000	0.0497484500
-0.5381140000	-0.5377215000	-0.0923073000	-0.0452004250
-0.5365330000	-0.5443151000	-0.1076014000	-0.1068995750
-0.5638970000	-0.5591203000	-0.1248279000	-0.1068235000
-0.5593200000	-0.5702198000	-0.1364682000	-0.0635470500
-0.6057950000	-0.5894638000	-0.1361219000	-0.0164970000
-0.5890010000	-0.5976671000	-0.1326656000	0.0093653500
-0.6109190000	-0.6129234000	-0.1353910000	0.0332846750
-0.6279190000	-0.6266108000	-0.1308770000	0.0619880250
-0.6459230000	-0.6412907000	-0.1194723000	0.0694827500
-0.6517470000	-0.6505169000	-0.1085638500	0.0428752500
-0.6589640000	-0.6604163000	-0.1081054500	0.0068724500
-0.6604880000	-0.6699076000	-0.1152106500	0.0012523500
-0.6979140000	-0.6860807000	-0.1150737500	0.0246431750
-0.6916210000	-0.6950696000	-0.1059888000	0.0347670500
-0.7059690000	-0.7056134000	-0.1012128000	0.0141489500
-0.7159580000	-0.7147842000	-0.1007283500	-0.0201260250
-0.7191860000	-0.7240426000	-0.1091188000	-0.0352838500
-0.7420790000	-0.7372656000	-0.1146040000	-0.0172379000
-0.7416390000	-0.7478578000	-0.1143774000	0.0090790250
-0.7667320000	-0.7613742000	-0.1086003500	0.0147923000
-0.7752140000	-0.7701958000	-0.1041688000	-0.0063941000
-0.7710290000	-0.7789068000	-0.1104812500	-0.0202254750
-0.7839410000	-0.7909469000	-0.1184055000	0.0014865500
-0.8199100000	-0.8068272000	-0.1136933000	0.0339478750
-0.8166130000	-0.8156610000	-0.1019323500	0.0329268500
-0.8164950000	-0.8234936000	-0.1004640000	0.0026959250
-0.8334070000	-0.8342665000	-0.1057270000	-0.0195887000
-0.8490060000	-0.8461331000	-0.1096724500	-0.0192007500
-0.8614220000	-0.8574466000	-0.1096714000	-0.0047158500
-0.8591540000	-0.8667915000	-0.1097672500	0.0140139500
-0.8790510000	-0.8788698000	-0.1098941500	0.0378147000
-0.9013470000	-0.8916546000	-0.1012770000	0.0496795750
-0.8900700000	-0.8984884000	-0.0938217500	0.0314461250
-0.9137620000	-0.9092485000	-0.0912131000	-0.0076288250
-0.9153350000	-0.9162308000	-0.0956377500	-0.0402042000
-0.9252800000	-0.9269313000	-0.1055795000	-0.0327724500
-0.9328140000	-0.9375154000	-0.1110988000	0.0168400000
-0.9581330000	-0.9518277000	-0.1040321000	0.0672308000
-0.9617370000	-0.9606352000	-0.0873455000	0.0634643250
-0.9713630000	-0.9679481000	-0.0787598000	0.0022947750
-0.9675980000	-0.9729020000	-0.0860754500	-0.0584285000
-0.9772260000	-0.9824879000	-0.1045144500	-0.0545051000
-0.9997130000	-0.9969142000	-0.1093547000	0.0068452250
-1.0099900000	-1.0078012000	-0.0996067500	0.0585586000
-1.0282600000	-1.0179213000	-0.0848240500	0.0595924000
-1.0048800000	-1.0206790000	-0.0822952500	0.0298449250
-1.0367200000	-1.0327120000	-0.0869886000	0.0171755250
-1.0473200000	-1.0419070000	-0.0819963500	0.0139924250
-1.0475800000	-1.0489210000	-0.0783920000	-0.0034230000
-1.0563100000	-1.0560950000	-0.0790165000	-0.0280093500
-1.0549100000	-1.0624550000	-0.0891865000	-0.0261758250
-1.0834100000	-1.0754130000	-0.0936850000	0.0198152500
-1.0778900000	-1.0831310000	-0.0872465000	0.0736400000
-1.0985800000	-1.0939060000	-0.0726335000	0.0854487500
-1.1008600000	-1.0986410000	-0.0573475000	0.0254027500
-1.1038300000	-1.1027370000	-0.0585690000	-0.0735850000
-1.1002600000	-1.1065440000	-0.0782180000	-0.1312542500
-1.1112300000	-1.1167890000	-0.1031300000	-0.0925452500
-1.1334200000	-1.1307940000	-0.1108120000	0.0188367500
-1.1517800000	-1.1438800000	-0.0945300000	0.1130202500
-1.1479800000	-1.1498650000	-0.0727340000	0.1288975000
-1.1576500000	-1.1564460000	-0.0576635000	0.0736967500
-1.1544500000	-1.1590770000	-0.0573445000	-0.0000790000
-1.1772200000	-1.1679930000	-0.0628695000	-0.0439025000
-1.1552500000	-1.1702590000	-0.0729080000	-0.0393077500
-1.1940000000	-1.1831400000	-0.0787220000	0.0106445000
-1.1847000000	-1.1886700000	-0.0717315000	0.0649855000
-1.1982800000	-1.1976350000	-0.0599475000	0.0823627500
-1.2080900000	-1.2020040000	-0.0454290000	0.0437770000
-1.2036500000	-1.2044810000	-0.0441800000	-0.0264492500
-1.1991200000	-1.2074700000	-0.0561740000	-0.0704722500
-1.2175100000	-1.2158600000	-0.0695855000	-0.0609387500
-1.2278100000	-1.2241820000	-0.0731190000	-0.0192720000
-1.2310500000	-1.2314900000	-0.0692955000	0.0150485000
-1.2343400000	-1.2370210000	-0.0662405000	0.0328860000
-1.2488900000	-1.2447270000	-0.0634610000	0.0487725000
-1.2451600000	-1.2498100000	-0.0589615000	0.0697675000
-1.2616600000	-1.2573740000	-0.0496320000	0.0821385000
-1.2620200000	-1.2609690000	-0.0367380000	0.0613370000
-1.2638500000	-1.2635760000	-0.0302525000	0.0061315000
-1.2654300000	-1.2651100000	-0.0350510000	-0.0490480000
-1.2638000000	-1.2689970000	-0.0467465000	-0.0687075000
-1.2720600000	-1.2746460000	-0.0575305000	-0.0447232500
-1.2959400000	-1.2838590000	-0.0566610000	-0.0057112500
-1.2733100000	-1.2852880000	-0.0538975000	0.0198650000
-1.3002900000	-1.2936950000	-0.0522625000	0.0368525000
-1.2951200000	-1.2971100000	-0.0463405000	0.0457297500
-1.3029900000	-1.3023560000	-0.0425920000	0.0480715000
-1.3107500000	-1.3067110000	-0.0346345000	0.0385737500
-1.2995700000	-1.3077110000	-0.0327390000	0.0167787500
-1.3238700000	-1.3136370000	-0.0319195000	-0.0036762500
-1.3066000000	-1.3138450000	-0.0335160000	-0.0179832500
-1.3178000000	-1.3188320000	-0.0390800000	-0.0131470000
-1.3291400000	-1.3235510000	-0.0387225000	0.0051755000
-1.3217700000	-1.3264780000	-0.0371525000	0.0219857500
-1.3332100000	-1.3310710000	-0.0329475000	0.0277567500
-1.3352000000	-1.3336920000	-0.0284880000	0.0175882500
-1.3347900000	-1.3358700000	-0.0280535000	0.0054357500
-1.3383500000	-1.3384470000	-0.0308980000	0.0130635000
-1.3392300000	-1.3421920000	-0.0307370000	0.0441322500
-1.3478300000	-1.3460780000	-0.0234720000	0.0760480000
-1.3578500000	-1.3491290000	-0.0088020000	0.0769697500
-1.3369500000	-1.3457550000	-0.0010045000	0.0452735000
-1.3511000000	-1.3473870000	-0.0015495000	0.0127742500
-1.3440200000	-1.3466300000	-0.0027360000	-0.0076402500
-1.3496800000	-1.3483230000	-0.0034195000	-0.0287130000
-1.3517100000	-1.3481640000	-0.0034940000	-0.0669977500
-1.3419500000	-1.3469750000	-0.0134935000	-0.1064257500
-1.3475200000	-1.3488160000	-0.0322685000	-0.0969602500
-1.3538100000	-1.3540470000	-0.0462580000	-0.0166597500
-1.3548500000	-1.3602130000	-0.0435870000	0.0935242500
-1.3785400000	-1.3675460000	-0.0188605000	0.1476245000
-1.3705100000	-1.3653470000	0.0078760000	0.0956965000
-1.3567700000	-1.3605900000	0.0110735000	-0.0052147500
-1.3459600000	-1.3580490000	-0.0060715000	-0.0535170000
-1.3673400000	-1.3634910000	-0.0196980000	-0.0138370000
-1.3779200000	-1.3680700000	-0.0104990000	0.0475717500
-1.3610200000	-1.3655400000	0.0031700000	0.0625522500
-1.3663400000	-1.3647800000	0.0092915000	0.0387780000
-1.3554600000	-1.3619790000	0.0068870000	0.0180580000
-1.3715600000	-1.3646030000	0.0064915000	0.0190567500
-1.3611300000	-1.3625250000	0.0127260000	0.0167047500
-1.3602700000	-1.3608570000	0.0149050000	-0.0005942500
-1.3616100000	-1.3587650000	0.0125395000	-0.0134920000
-1.3504500000	-1.3569940000	0.0061555000	-0.0005950000
-1.3586400000	-1.3586670000	0.0069300000	0.0274297500
-1.3673700000	-1.3588290000	0.0173480000	0.0269182500
-1.3548600000	-1.3545640000	0.0234785000	-0.0144395000
-1.3413600000	-1.3498940000	0.0143090000	-0.0490335000
-1.3501000000	-1.3505780000	0.0004235000	-0.0251655000
-1.3562100000	-1.3530200000	-0.0005935000	0.0434195000
-1.3553800000	-1.3536250000	0.0139110000	0.0899695000
-1.3530400000	-1.3504820000	0.0308595000	0.0689192500
-1.3461300000	-1.3454340000	0.0367540000	0.0009492500
-1.3334300000	-1.3399740000	0.0272280000	-0.0482260000
-1.3415000000	-1.3395240000	0.0140900000	-0.0293632500
-1.3377200000	-1.3392380000	0.0118415000	0.0418760000
-1.3408100000	-1.3393870000	0.0234870000	0.1066457500
-1.3434500000	-1.3366040000	0.0448265000	0.1021085000
-1.3267900000	-1.3289020000	0.0571180000	0.0317352500
-1.3193200000	-1.3221460000	0.0555085000	-0.0647212500
-1.3155100000	-1.3155100000	0.0300800000	-0.1271425000
-1.3161300000	-1.3161300000	0.0300800000	-0.1271425000
