1000
-1.31699
-1.32045
-1.32377
-1.32696
-1.33001
-1.33293
-1.3357
-1.33835
-1.34085
-1.34322
-1.34545
-1.34754
-1.3495
-1.35131
-1.35299
-1.35453
-1.35594
-1.3572
-1.35833
-1.35931
-1.36016
-1.36088
-1.36145
-1.36188
-1.36218
-1.36234
-1.36236
-1.36224
-1.36198
-1.36158
-1.36105
-1.36038
-1.35957
-1.35863
-1.35754
-1.35632
-1.35497
-1.35347
-1.35184
-1.35008
-1.34818
-1.34614
-1.34396
-1.34166
-1.33921
-1.33664
-1.33392
-1.33108
-1.3281
-1.32499
-1.32175
-1.31837
-1.31486
-1.31122
-1.30745
-1.30355
-1.29952
-1.29536
-1.29107
-1.28666
-1.28211
-1.27744
-1.27264
-1.26772
-1.26267
-1.25749
-1.25219
-1.24677
-1.24123
-1.23556
-1.22977
-1.22386
-1.21783
-1.21168
-1.20541
-1.19902
-1.19252
-1.1859
-1.17916
-1.17231
-1.16534
-1.15826
-1.15107
-1.14377
-1.13635
-1.12883
-1.1212
-1.11345
-1.10561
-1.09765
-1.08959
-1.08142
-1.07315
-1.06478
-1.05631
-1.04773
-1.03906
-1.03029
-1.02141
-1.01245
-1.00338
-0.994224
-0.984971
-0.975627
-0.96619
-0.956663
-0.947047
-0.937342
-0.92755
-0.917672
-0.907709
-0.897663
-0.887533
-0.877322
-0.86703
-0.85666
-0.846211
-0.835685
-0.825084
-0.814408
-0.803659
-0.792837
-0.781945
-0.770984
-0.759953
-0.748856
-0.737693
-0.726465
-0.715174
-0.703821
-0.692407
-0.680934
-0.669402
-0.657813
-0.646169
-0.634471
-0.622719
-0.610916
-0.599063
-0.58716
-0.57521
-0.563214
-0.551172
-0.539087
-0.52696
-0.514792
-0.502584
-0.490338
-0.478056
-0.465738
-0.453386
-0.441002
-0.428586
-0.41614
-0.403667
-0.391166
-0.378639
-0.366088
-0.353515
-0.34092
-0.328305
-0.315672
-0.303021
-0.290355
-0.277675
-0.264981
-0.252277
-0.239562
-0.226839
-0.214108
-0.201372
-0.188632
-0.175889
-0.163144
-0.150399
-0.137656
-0.124916
-0.11218
-0.0994503
-0.0867275
-0.0740132
-0.0613091
-0.0486164
-0.0359367
-0.0232713
-0.0106217
0.00201069
0.0146245
0.0272182
0.0397905
0.0523398
0.0648649
0.0773643
0.0898365
0.10228
0.114694
0.127077
0.139426
0.151742
0.164022
0.176265
0.18847
0.200636
0.21276
0.224842
0.23688
0.248873
0.26082
0.272718
0.284568
0.296367
0.308114
0.319808
0.331448
0.343032
0.354558
0.366026
0.377435
0.388782
0.400068
0.411289
0.422446
0.433537
0.44456
0.455515
0.466399
0.477213
0.487955
0.498622
0.509216
0.519733
0.530173
0.540534
0.550817
0.561018
0.571138
0.581175
0.591127
0.600995
0.610776
0.620469
0.630074
0.639589
0.649014
0.658346
0.667586
0.676732
0.685783
0.694738
0.703596
0.712355
0.721016
0.729577
0.738037
0.746395
0.754649
0.762801
0.770847
0.778788
0.786622
0.794348
0.801966
0.809476
0.816875
0.824163
0.831339
0.838403
0.845353
0.85219
0.858911
0.865517
0.872006
0.878379
0.884633
0.890769
0.896785
0.902682
0.908458
0.914113
0.919646
0.925056
0.930344
0.935507
0.940547
0.945462
0.950251
0.954914
0.959451
0.963862
0.968144
0.972299
0.976326
0.980224
0.983993
0.987632
0.991141
0.994521
0.997769
1.00089
1.00387
1.00673
1.00945
1.01204
1.0145
1.01682
1.01902
1.02108
1.023
1.0248
1.02646
1.02798
1.02938
1.03063
1.03176
1.03275
1.03361
1.03433
1.03492
1.03537
1.03569
1.03588
1.03593
1.03585
1.03564
1.03529
1.03481
1.03419
1.03345
1.03257
1.03156
1.03041
1.02913
1.02773
1.02619
1.02452
1.02272
1.02078
1.01872
1.01653
1.01421
1.01177
1.00919
1.00649
1.00365
1.0007
0.997614
0.994406
0.991073
0.987616
0.984035
0.980332
0.976507
0.97256
0.968493
0.964306
0.96
0.955576
0.951035
0.946377
0.941604
0.936716
0.931715
0.9266
0.921374
0.916038
0.910591
0.905036
0.899374
0.893605
0.887731
0.881753
0.875672
0.869489
0.863206
0.856823
0.850343
0.843766
0.837094
0.830328
0.82347
0.81652
0.809482
0.802355
0.795141
0.787843
0.780461
0.772998
0.765454
0.757832
0.750133
0.742359
0.734512
0.726593
0.718604
0.710548
0.702425
0.694238
0.68599
0.677681
0.669313
0.66089
0.652412
0.643883
0.635303
0.626676
0.618003
0.609287
0.600529
0.591733
0.582901
0.574034
0.565135
0.556207
0.547253
0.538274
0.529273
0.520252
0.511215
0.502164
0.493101
0.48403
0.474952
0.465871
0.456789
0.44771
0.438635
0.429569
0.420513
0.411471
0.402446
0.39344
0.384458
0.375501
0.366572
0.357676
0.348814
0.339991
0.331209
0.322472
0.313782
0.305144
0.296559
0.288032
0.279566
0.271164
0.26283
0.254566
0.246376
0.238264
0.230232
0.222285
0.214425
0.206655
0.198981
0.191403
0.183927
0.176555
0.16929
0.162137
0.155098
0.148176
0.141375
0.134699
0.128149
0.12173
0.115445
0.109297
0.103288
0.0974222
0.0917024
0.0861314
0.0807121
0.0754475
0.0703402
0.0653931
0.0606087
0.0559897
0.0515385
0.0472577
0.0431496
0.0392164
0.0354605
0.0318839
0.0284886
0.0252767
0.0222498
0.0194099
0.0167585
0.0142971
0.0120273
0.00995026
0.00806733
0.00637959
0.00488803
0.00359353
0.00249688
0.00159872
0.000899595
0.00039992
9.9995e-05
0
9.9995e-05
0.00039992
0.000899595
0.00159872
0.00249688
0.00359353
0.00488803
0.00637959
0.00806733
0.00995026
0.0120273
0.0142971
0.0167585
0.0194099
0.0222498
0.0252767
0.0284886
0.0318839
0.0354605
0.0392164
0.0431496
0.0472577
0.0515385
0.0559897
0.0606087
0.0653931
0.0703402
0.0754475
0.0807121
0.0861314
0.0917024
0.0974222
0.103288
0.109297
0.115445
0.12173
0.128149
0.134699
0.141375
0.148176
0.155098
0.162137
0.16929
0.176555
0.183927
0.191403
0.198981
0.206655
0.214425
0.222285
0.230232
0.238264
0.246376
0.254566
0.26283
0.271164
0.279566
0.288032
0.296559
0.305144
0.313782
0.322472
0.331209
0.339991
0.348814
0.357676
0.366572
0.375501
0.384458
0.39344
0.402446
0.411471
0.420513
0.429569
0.438635
0.44771
0.456789
0.465871
0.474952
0.48403
0.493101
0.502164
0.511215
0.520252
0.529273
0.538274
0.547253
0.556207
0.565135
0.574034
0.582901
0.591733
0.600529
0.609287
0.618003
0.626676
0.635303
0.643883
0.652412
0.66089
0.669313
0.677681
0.68599
0.694238
0.702425
0.710548
0.718604
0.726593
0.734512
0.742359
0.750133
0.757832
0.765454
0.772998
0.780461
0.787843
0.795141
0.802355
0.809482
0.81652
0.82347
0.830328
0.837094
0.843766
0.850343
0.856823
0.863206
0.869489
0.875672
0.881753
0.887731
0.893605
0.899374
0.905036
0.910591
0.916038
0.921374
0.9266
0.931715
0.936716
0.941604
0.946377
0.951035
0.955576
0.96
0.964306
0.968493
0.97256
0.976507
0.980332
0.984035
0.987616
0.991073
0.994406
0.997614
1.0007
1.00365
1.00649
1.00919
1.01177
1.01421
1.01653
1.01872
1.02078
1.02272
1.02452
1.02619
1.02773
1.02913
1.03041
1.03156
1.03257
1.03345
1.03419
1.03481
1.03529
1.03564
1.03585
1.03593
1.03588
1.03569
1.03537
1.03492
1.03433
1.03361
1.03275
1.03176
1.03063
1.02938
1.02798
1.02646
1.0248
1.023
1.02108
1.01902
1.01682
1.0145
1.01204
1.00945
1.00673
1.00387
1.00089
0.997769
0.994521
0.991141
0.987632
0.983993
0.980224
0.976326
0.972299
0.968144
0.963862
0.959451
0.954914
0.950251
0.945462
0.940547
0.935507
0.930344
0.925056
0.919646
0.914113
0.908458
0.902682
0.896785
0.890769
0.884633
0.878379
0.872006
0.865517
0.858911
0.85219
0.845353
0.838403
0.831339
0.824163
0.816875
0.809476
0.801966
0.794348
0.786622
0.778788
0.770847
0.762801
0.754649
0.746395
0.738037
0.729577
0.721016
0.712355
0.703596
0.694738
0.685783
0.676732
0.667586
0.658346
0.649014
0.639589
0.630074
0.620469
0.610776
0.600995
0.591127
0.581175
0.571138
0.561018
0.550817
0.540534
0.530173
0.519733
0.509216
0.498622
0.487955
0.477213
0.466399
0.455515
0.44456
0.433537
0.422446
0.411289
0.400068
0.388782
0.377435
0.366026
0.354558
0.343032
0.331448
0.319808
0.308114
0.296367
0.284568
0.272718
0.26082
0.248873
0.23688
0.224842
0.21276
0.200636
0.18847
0.176265
0.164022
0.151742
0.139426
0.127077
0.114694
0.10228
0.0898365
0.0773643
0.0648649
0.0523398
0.0397905
0.0272182
0.0146245
0.00201069
-0.0106217
-0.0232713
-0.0359367
-0.0486164
-0.0613091
-0.0740132
-0.0867275
-0.0994503
-0.11218
-0.124916
-0.137656
-0.150399
-0.163144
-0.175889
-0.188632
-0.201372
-0.214108
-0.226839
-0.239562
-0.252277
-0.264981
-0.277675
-0.290355
-0.303021
-0.315672
-0.328305
-0.34092
-0.353515
-0.366088
-0.378639
-0.391166
-0.403667
-0.41614
-0.428586
-0.441002
-0.453386
-0.465738
-0.478056
-0.490338
-0.502584
-0.514792
-0.52696
-0.539087
-0.551172
-0.563214
-0.57521
-0.58716
-0.599063
-0.610916
-0.622719
-0.634471
-0.646169
-0.657813
-0.669402
-0.680934
-0.692407
-0.703821
-0.715174
-0.726465
-0.737693
-0.748856
-0.759953
-0.770984
-0.781945
-0.792837
-0.803659
-0.814408
-0.825084
-0.835685
-0.846211
-0.85666
-0.86703
-0.877322
-0.887533
-0.897663
-0.907709
-0.917672
-0.92755
-0.937342
-0.947047
-0.956663
-0.96619
-0.975627
-0.984971
-0.994224
-1.00338
-1.01245
-1.02141
-1.03029
-1.03906
-1.04773
-1.05631
-1.06478
-1.07315
-1.08142
-1.08959
-1.09765
-1.10561
-1.11345
-1.1212
-1.12883
-1.13635
-1.14377
-1.15107
-1.15826
-1.16534
-1.17231
-1.17916
-1.1859
-1.19252
-1.19902
-1.20541
-1.21168
-1.21783
-1.22386
-1.22977
-1.23556
-1.24123
-1.24677
-1.25219
-1.25749
-1.26267
-1.26772
-1.27264
-1.27744
-1.28211
-1.28666
-1.29107
-1.29536
-1.29952
-1.30355
-1.30745
-1.31122
-1.31486
-1.31837
-1.32175
-1.32499
-1.3281
-1.33108
-1.33392
-1.33664
-1.33921
-1.34166
-1.34396
-1.34614
-1.34818
-1.35008
-1.35184
-1.35347
-1.35497
-1.35632
-1.35754
-1.35863
-1.35957
-1.36038
-1.36105
-1.36158
-1.36198
-1.36224
-1.36236
-1.36234
-1.36218
-1.36188
-1.36145
-1.36088
-1.36016
-1.35931
-1.35833
-1.3572
-1.35594
-1.35453
-1.35299
-1.35131
-1.3495
-1.34754
-1.34545
-1.34322
-1.34085
-1.33835
-1.3357
-1.33293
-1.33001
-1.32696
-1.32377
-1.32045
