1000
0.988301
0.998377
1.01835
1.01268
0.987464
1.00016
1.00252
1.00031
1.01403
1.00682
1.01043
1.02036
1.00658
1.0004
1.00858
1.01105
0.991953
1.00319
1.00933
1.01164
1.01907
1.00535
1.005
1.00897
1.02727
1.00805
1.03223
1.02051
1.00368
1.00497
1.02298
1.02322
1.03421
1.01562
1.0159
1.01162
1.03104
1.01619
1.02191
1.03673
1.04249
1.03562
1.02122
1.0404
1.0348
1.02215
1.03396
1.03956
1.04116
1.03247
1.03327
1.03391
1.04488
1.04725
1.05558
1.0524
1.03806
1.05528
1.04836
1.06028
1.05568
1.05691
1.06019
1.06599
1.0581
1.07018
1.06333
1.06362
1.07259
1.07204
1.08742
1.09635
1.08595
1.08542
1.0843
1.09307
1.083
1.0914
1.09669
1.10699
1.0992
1.09584
1.10284
1.10306
1.09309
1.09406
1.11214
1.10796
1.12014
1.10882
1.12491
1.12319
1.11897
1.12567
1.13043
1.13804
1.13736
1.13738
1.13669
1.14379
1.13539
1.14329
1.15548
1.1589
1.17447
1.16072
1.17503
1.16255
1.16835
1.17882
1.17912
1.18383
1.17712
1.1914
1.18556
1.18495
1.18508
1.20537
1.19152
1.19045
1.19923
1.19439
1.1998
1.21587
1.22571
1.21944
1.21471
1.21971
1.22754
1.22137
1.23012
1.2436
1.22469
1.23066
1.24772
1.25269
1.2503
1.26889
1.25758
1.26344
1.26143
1.26145
1.2601
1.25929
1.28357
1.26045
1.27054
1.28241
1.29095
1.28839
1.28429
1.30033
1.30494
1.28026
1.31221
1.31655
1.30181
1.32468
1.31298
1.32412
1.32662
1.3045
1.3204
1.32616
1.31805
1.31691
1.32526
1.33601
1.33771
1.35246
1.3495
1.33832
1.35555
1.3545
1.37016
1.36054
1.3549
1.36009
1.36476
1.36027
1.36792
1.3683
1.37717
1.36244
1.35828
1.38578
1.38886
1.38048
1.37501
1.37277
1.37935
1.38161
1.38908
1.38578
1.38507
1.38698
1.38682
1.3933
1.38048
1.39994
1.38957
1.3924
1.38881
1.37846
1.39399
1.39966
1.37921
1.37472
1.39124
1.38915
1.39331
1.37405
1.39175
1.39873
1.39846
1.37425
1.38225
1.3816
1.40026
1.37286
1.39751
1.37971
1.38426
1.37702
1.36542
1.36317
1.38468
1.37717
1.36733
1.36145
1.35985
1.35824
1.36513
1.34312
1.35175
1.33597
1.3296
1.32287
1.33647
1.31642
1.31439
1.32007
1.31784
1.31523
1.30816
1.3065
1.31328
1.30687
1.30313
1.28296
1.25942
1.27129
1.25902
1.25868
1.26124
1.24113
1.25044
1.22847
1.21661
1.20338
1.20704
1.20092
1.19299
1.17674
1.1888
1.16835
1.16518
1.13537
1.13035
1.13673
1.11845
1.1111
1.11291
1.1024
1.07716
1.07167
1.06625
1.03988
1.03491
1.01952
1.01872
0.987201
1.00563
0.986203
0.959747
0.957631
0.939344
0.921348
0.923766
0.886408
0.904379
0.864927
0.856324
0.838831
0.826175
0.805173
0.815319
0.789914
0.771104
0.750828
0.743916
0.726353
0.716344
0.697706
0.678544
0.661562
0.644474
0.628355
0.610259
0.593103
0.565003
0.560124
0.550324
0.535824
0.495638
0.485117
0.471412
0.447357
0.423761
0.416065
0.390233
0.370659
0.35225
0.344145
0.312816
0.294527
0.264146
0.24291
0.241004
0.199144
0.206517
0.164065
0.148406
0.118034
0.113025
0.0846323
0.0535804
0.0392286
0.0170204
-0.00158872
-0.0141825
-0.0633095
-0.0761131
-0.0933958
-0.105967
-0.11831
-0.169094
-0.192927
-0.208187
-0.232222
-0.244133
-0.261197
-0.296742
-0.311016
-0.342564
-0.359799
-0.386256
-0.415626
-0.423665
-0.451022
-0.469069
-0.480982
-0.50497
-0.543057
-0.55216
-0.584616
-0.598059
-0.621355
-0.637495
-0.669233
-0.695737
-0.700062
-0.744434
-0.773941
-0.778754
-0.805005
-0.810076
-0.847614
-0.863639
-0.887933
-0.914549
-0.937182
-0.948959
-0.966094
-0.982015
-1.00367
-1.03467
-1.04978
-1.05982
-1.0861
-1.10142
-1.11934
-1.12573
-1.15185
-1.16568
-1.18622
-1.19926
-1.21423
-1.24525
-1.26974
-1.278
-1.27281
-1.30402
-1.33012
-1.3358
-1.33692
-1.3617
-1.37171
-1.38811
-1.39794
-1.4159
-1.41535
-1.43391
-1.4333
-1.44984
-1.47706
-1.48458
-1.48561
-1.50176
-1.49698
-1.51856
-1.54043
-1.54238
-1.52341
-1.54481
-1.54661
-1.54715
-1.54842
-1.56537
-1.57567
-1.57099
-1.55666
-1.57826
-1.57923
-1.58666
-1.57412
-1.58862
-1.58402
-1.58422
-1.58112
-1.57464
-1.58553
-1.56799
-1.57918
-1.57113
-1.55414
-1.57218
-1.56828
-1.55893
-1.55085
-1.54472
-1.53788
-1.52913
-1.50023
-1.50548
-1.49109
-1.48832
-1.47524
-1.45893
-1.452
-1.46383
-1.43017
-1.42164
-1.4116
-1.39422
-1.37409
-1.38021
-1.35875
-1.32864
-1.32719
-1.31643
-1.29593
-1.28958
-1.26132
-1.25573
-1.23887
-1.21174
-1.21088
-1.17258
-1.15224
-1.14622
-1.12709
-1.09888
-1.07683
-1.04809
-1.0316
-1.01913
-1.00072
-0.992594
-0.976665
-0.940646
-0.912427
-0.897637
-0.870731
-0.84881
-0.823315
-0.808045
-0.783213
-0.784833
-0.741423
-0.716738
-0.689267
-0.668231
-0.651047
-0.634198
-0.624604
-0.58827
-0.570662
-0.535009
-0.527004
-0.496114
-0.498501
-0.462592
-0.44177
-0.425297
-0.403855
-0.38717
-0.358269
-0.349903
-0.311633
-0.285741
-0.276837
-0.261439
-0.230831
-0.248709
-0.224505
-0.190634
-0.162932
-0.164696
-0.14061
-0.128203
-0.110166
-0.1125
-0.0879656
-0.0872379
-0.0514314
-0.0407261
-0.0420982
-0.0197959
-0.0175429
-0.00449352
0.000831402
0.00719255
0.0134557
0.0211324
0.0272587
0.0253661
0.0492472
0.0452125
0.0456456
0.0521427
0.0674833
0.0548129
0.055069
0.0540194
0.0632023
0.0421028
0.0534575
0.0445728
0.0494543
0.0451869
0.0339961
0.0251634
0.0199717
0.0172419
0.00565396
0.0127958
-0.0065789
-0.0186969
-0.0370658
-0.0424615
-0.0514884
-0.0644899
-0.0818225
-0.103066
-0.0973114
-0.120856
-0.154428
-0.161771
-0.185033
-0.210005
-0.221372
-0.238567
-0.244122
-0.263263
-0.314504
-0.317987
-0.341942
-0.381518
-0.385552
-0.423301
-0.450119
-0.469904
-0.504684
-0.517031
-0.55508
-0.587153
-0.617477
-0.626613
-0.677604
-0.70577
-0.728322
-0.746764
-0.774524
-0.812225
-0.82335
-0.874718
-0.906069
-0.937142
-0.968399
-0.996011
-1.023
-1.05022
-1.0726
-1.12087
-1.16015
-1.18534
-1.20665
-1.25028
-1.27005
-1.3039
-1.34041
-1.35569
-1.3847
-1.42114
-1.43184
-1.46866
-1.50558
-1.51955
-1.53773
-1.5661
-1.59505
-1.62354
-1.65052
-1.68096
-1.71155
-1.71888
-1.73847
-1.74933
-1.77407
-1.80235
-1.81442
-1.81798
-1.86612
-1.87011
-1.89143
-1.88258
-1.90786
-1.91269
-1.92766
-1.95099
-1.95332
-1.95282
-1.96484
-1.97739
-1.9844
-1.96987
-1.98492
-1.98096
-1.97452
-1.98206
-1.97349
-1.97376
-1.98537
-1.97393
-1.97887
-1.95003
-1.95595
-1.94645
-1.93173
-1.93102
-1.9089
-1.88103
-1.89095
-1.87839
-1.83932
-1.83006
-1.79726
-1.79206
-1.76244
-1.73371
-1.73158
-1.69974
-1.66088
-1.63209
-1.62751
-1.58989
-1.55231
-1.53436
-1.51376
-1.48185
-1.42981
-1.41512
-1.36324
-1.35287
-1.30866
-1.27666
-1.24371
-1.21399
-1.1802
-1.12575
-1.10758
-1.06204
-1.03793
-1.01013
-0.953001
-0.916389
-0.897145
-0.848001
-0.801774
-0.780137
-0.733053
-0.710054
-0.658461
-0.616259
-0.596845
-0.54657
-0.535339
-0.4764
-0.443098
-0.426126
-0.385947
-0.347569
-0.317614
-0.28812
-0.259842
-0.231195
-0.204422
-0.178767
-0.144241
-0.121161
-0.088731
-0.0645502
-0.0405396
-0.0182939
0.00799584
0.0208179
0.0469762
0.064355
0.079689
0.101166
0.116963
0.116542
0.147602
0.14898
0.158644
0.161335
0.168911
0.17814
0.179362
0.179167
0.178294
0.182814
0.180462
0.180693
0.180326
0.175715
0.167155
0.159341
0.151077
0.135474
0.140388
0.109316
0.104331
0.0833048
0.0689214
0.0545239
0.032126
0.00987781
-0.0173921
-0.0330761
-0.0652175
-0.088848
-0.110156
-0.149933
-0.162614
-0.186055
-0.238809
-0.26607
-0.28157
-0.30948
-0.33244
-0.368991
-0.407039
-0.460497
-0.476245
-0.534256
-0.558811
-0.594513
-0.611526
-0.676295
-0.708124
-0.738062
-0.769109
-0.799675
-0.834428
-0.856779
-0.91939
-0.933051
-0.963397
-1.01365
-1.03369
-1.08423
-1.11108
-1.14715
-1.17162
-1.19439
-1.208
-1.24571
-1.27983
-1.30831
-1.33654
-1.34963
-1.3694
-1.38338
-1.41015
-1.43695
-1.43372
-1.47003
-1.47087
-1.49758
-1.49669
-1.51192
-1.52585
-1.50716
-1.53196
-1.53416
-1.5173
-1.53321
-1.53453
-1.52721
-1.5285
-1.50074
-1.49452
-1.47953
-1.49511
-1.45752
-1.4565
-1.42106
-1.42819
-1.40885
-1.37111
-1.34203
-1.30382
-1.29204
-1.256
-1.23235
-1.20917
-1.18007
-1.13774
-1.09835
-1.06149
-1.03791
-1.00433
-0.947372
-0.906542
-0.872365
-0.805476
-0.790402
-0.719572
-0.68879
-0.638945
-0.594017
-0.566431
-0.505826
-0.457381
-0.39868
-0.363267
-0.323397
-0.276254
-0.221757
-0.177884
-0.136483
-0.0672616
-0.0365016
0.0230275
0.0654178
0.0928504
0.144649
0.191693
0.228222
0.286179
0.321385
0.344403
0.381979
0.416292
0.476894
0.50069
0.541244
0.556483
0.580423
0.627899
0.634768
0.650291
0.678434
0.719298
0.7342
0.744857
0.759717
0.784478
0.800541
0.786012
0.803425
0.801186
0.822892
0.815288
0.810997
0.821777
0.80715
0.806497
0.802549
0.793591
0.756603
0.763946
0.745771
0.723306
0.699656
0.667376
0.667528
0.630208
0.612743
0.571962
0.555098
0.52337
0.479599
0.4494
0.432809
0.394015
0.328435
0.313506
0.272724
0.21772
0.197965
0.159965
0.120712
0.0745747
0.0227429
-0.015759
-0.0523978
-0.0892494
-0.135121
-0.166045
-0.211012
-0.256287
-0.304222
-0.337535
-0.384113
-0.402483
-0.448869
-0.480404
-0.522887
-0.561974
-0.587442
-0.627407
-0.649
-0.673755
-0.691738
-0.732414
-0.747704
-0.758733
-0.795004
-0.807041
-0.827071
-0.844662
-0.840168
-0.837853
-0.853336
-0.84486
-0.870042
-0.871315
-0.848538
-0.868371
-0.853507
-0.841161
-0.826778
-0.807691
-0.793196
-0.790044
-0.757156
-0.73015
-0.710816
-0.691227
-0.657377
-0.628521
-0.594624
-0.566412
-0.505771
-0.477478
-0.439031
-0.400097
-0.339606
-0.318506
-0.255368
-0.223751
-0.173748
-0.107064
-0.0731725
-0.0160396
0.0607006
0.106604
