0.9883010000	0.9883010000	0.0941345000	-0.3066140000
0.9983770000	0.9983770000	0.0941345000	-0.3066140000
1.0183500000	1.0071279000	0.0328117000	-0.3312852500
1.0126800000	1.0060885000	-0.0037729500	-0.2001701500
0.9874640000	0.9996406000	-0.0130920500	-0.0414943000
1.0001600000	0.9993598000	0.0010622500	0.0730460000
1.0025200000	1.0012514000	0.0176499500	0.0874634500
1.0003100000	1.0041320000	0.0269638000	0.0363339500
1.0140300000	1.0083330000	0.0252042000	-0.0326220000
1.0068200000	1.0096870000	0.0168568000	-0.0835163750
1.0104300000	1.0116690000	0.0053240000	-0.1037671500
1.0203600000	1.0122680000	-0.0092088500	-0.0875461500
1.0065800000	1.0086850000	-0.0173969000	-0.0439684500
1.0004000000	1.0063330000	-0.0171713500	0.0044459000
1.0085800000	1.0055753000	-0.0136691000	0.0466344500
1.0110500000	1.0048856000	-0.0092064000	0.0823241500
0.9919530000	1.0014202000	0.0030275000	0.0973452500
1.0031900000	1.0038016000	0.0193164000	0.0651319000
1.0093300000	1.0078003000	0.0241861000	-0.0003790500
1.0116400000	1.0111900000	0.0162403500	-0.0466206000
1.0190700000	1.0124590000	0.0022254000	-0.0310983000
1.0053500000	1.0090150000	0.0008678500	0.0266885000
1.0050000000	1.0094980000	0.0125655000	0.0601856500
1.0089700000	1.0113820000	0.0264785000	0.0264382000
1.0272700000	1.0180350000	0.0260665000	-0.0526804250
1.0080500000	1.0180680000	0.0120975000	-0.1082567500
1.0322300000	1.0216990000	-0.0078605000	-0.0875567500
1.0205100000	1.0166880000	-0.0204980000	0.0077625000
1.0036800000	1.0120890000	-0.0082140000	0.1011817500
1.0049700000	1.0116930000	0.0177125000	0.1041115000
1.0229800000	1.0186190000	0.0314220000	0.0144662500
1.0232200000	1.0227850000	0.0212645000	-0.0822670000
1.0342100000	1.0253400000	-0.0020705000	-0.0977830000
1.0156200000	1.0197540000	-0.0145085000	-0.0266992500
1.0159000000	1.0183330000	-0.0078285000	0.0628802500
1.0116200000	1.0172170000	0.0079665000	0.1113192500
1.0310400000	1.0217590000	0.0218935000	0.1053070000
1.0161900000	1.0219010000	0.0316720000	0.0595515000
1.0219100000	1.0267010000	0.0390410000	-0.0150075000
1.0367300000	1.0327530000	0.0312500000	-0.0884315000
1.0424900000	1.0357790000	0.0132650000	-0.1165032500
1.0356200000	1.0347030000	-0.0035255000	-0.0864182500
1.0212200000	1.0314210000	-0.0072465000	-0.0268382500
1.0404000000	1.0331410000	-0.0044330000	0.0226552500
1.0348000000	1.0319480000	-0.0008950000	0.0499905000
1.0221500000	1.0306080000	0.0086160000	0.0462510000
1.0339600000	1.0335220000	0.0152380000	0.0130192500
1.0395600000	1.0363100000	0.0123395000	-0.0170112500
1.0411600000	1.0375930000	0.0033115000	-0.0056447500
1.0324700000	1.0352210000	0.0020220000	0.0459610000
1.0332700000	1.0351880000	0.0140500000	0.0867010000
1.0339100000	1.0371660000	0.0306550000	0.0697115000
1.0448800000	1.0430690000	0.0383135000	-0.0007405000
1.0472500000	1.0476230000	0.0298385000	-0.0678570000
1.0555800000	1.0504560000	0.0143110000	-0.0798462500
1.0524000000	1.0499410000	0.0024685000	-0.0331527500
1.0380600000	1.0471540000	0.0067165000	0.0241240000
1.0552800000	1.0506640000	0.0162665000	0.0435942500
1.0483600000	1.0518300000	0.0219355000	0.0263700000
1.0602800000	1.0561390000	0.0214435000	0.0002102500
1.0556800000	1.0565650000	0.0178925000	-0.0114777500
1.0569100000	1.0585650000	0.0173255000	-0.0117352500
1.0601900000	1.0600340000	0.0171480000	-0.0120380000
1.0659900000	1.0627630000	0.0152400000	-0.0102647500
1.0581000000	1.0628260000	0.0131055000	0.0045997500
1.0701800000	1.0653190000	0.0131980000	0.0376525000
1.0633300000	1.0651610000	0.0177455000	0.0794445000
1.0636200000	1.0668540000	0.0314560000	0.0986632500
1.0725900000	1.0712430000	0.0461010000	0.0650455000
1.0720400000	1.0768150000	0.0533640000	-0.0164957500
1.0874200000	1.0845000000	0.0450335000	-0.1030675000
1.0963500000	1.0889600000	0.0229890000	-0.1358250000
1.0859500000	1.0879060000	0.0048905000	-0.0977755000
1.0854200000	1.0871600000	-0.0011330000	-0.0229170000
1.0843000000	1.0863130000	0.0038740000	0.0432137500
1.0930700000	1.0883700000	0.0124980000	0.0745590000
1.0830000000	1.0881930000	0.0232310000	0.0650250000
1.0914000000	1.0925040000	0.0318425000	0.0171545000
1.0966900000	1.0965740000	0.0299865000	-0.0439540000
1.1069900000	1.1006980000	0.0186585000	-0.0821452500
1.0992000000	1.1001990000	0.0055955000	-0.0776862500
1.0958400000	1.0997490000	-0.0005870000	-0.0403090000
1.1028400000	1.1001450000	-0.0030275000	0.0137187500
1.1030600000	1.0994000000	0.0002345000	0.0712700000
1.0930900000	1.0981580000	0.0120855000	0.1091367500
1.0940600000	1.0997720000	0.0306515000	0.0999447500
1.1121400000	1.1065830000	0.0403195000	0.0483125000
1.1079600000	1.1099280000	0.0397415000	-0.0076257500
1.1201400000	1.1151170000	0.0331460000	-0.0382050000
1.1088200000	1.1156530000	0.0274685000	-0.0367120000
1.1249100000	1.1202770000	0.0247205000	-0.0170492500
1.1231900000	1.1215010000	0.0222585000	0.0105137500
1.1189700000	1.1228940000	0.0271380000	0.0276755000
1.1256700000	1.1262710000	0.0332890000	0.0156037500
1.1304300000	1.1305470000	0.0352800000	-0.0203820000
1.1380400000	1.1350790000	0.0286090000	-0.0531330000
1.1373600000	1.1367400000	0.0188010000	-0.0539762500
1.1373800000	1.1379450000	0.0122085000	-0.0180505000
1.1366900000	1.1381850000	0.0124700000	0.0406335000
1.1437900000	1.1399990000	0.0201580000	0.0959930000
1.1353900000	1.1407890000	0.0350740000	0.1190270000
1.1432900000	1.1457590000	0.0534815000	0.0839387500
1.1554800000	1.1536160000	0.0604290000	0.0018777500
1.1589000000	1.1599510000	0.0543740000	-0.0811552500
1.1744700000	1.1667630000	0.0358505000	-0.1158955000
1.1607200000	1.1663330000	0.0196830000	-0.0840275000
1.1750300000	1.1689480000	0.0140960000	-0.0191897500
1.1625500000	1.1676500000	0.0184295000	0.0327945000
1.1683500000	1.1710290000	0.0295265000	0.0382867500
1.1788200000	1.1756600000	0.0324030000	0.0075615000
1.1791200000	1.1787250000	0.0297080000	-0.0250930000
1.1838300000	1.1818020000	0.0231120000	-0.0378327500
1.1771200000	1.1823620000	0.0193095000	-0.0284455000
1.1914000000	1.1859740000	0.0165505000	-0.0089537500
1.1855600000	1.1857140000	0.0167615000	0.0085117500
1.1849500000	1.1877850000	0.0210895000	0.0071150000
1.1850800000	1.1898040000	0.0234895000	-0.0128435000
1.2053700000	1.1950080000	0.0181585000	-0.0240910000
1.1915200000	1.1942030000	0.0101395000	0.0050037500
1.1904500000	1.1943060000	0.0129005000	0.0649935000
1.1992300000	1.1957920000	0.0250075000	0.1118745000
1.1943900000	1.1981940000	0.0438350000	0.1029222500
1.1998000000	1.2044660000	0.0575195000	0.0286515000
1.2158700000	1.2128330000	0.0543440000	-0.0651057500
1.2257100000	1.2187970000	0.0355610000	-0.1115257500
1.2194400000	1.2194180000	0.0175695000	-0.0832437500
1.2147100000	1.2190390000	0.0132025000	-0.0172865000
1.2197100000	1.2204150000	0.0197410000	0.0293520000
1.2275400000	1.2237150000	0.0273135000	0.0321492500
1.2213700000	1.2264110000	0.0297515000	0.0117745000
1.2301200000	1.2302650000	0.0275680000	0.0048550000
1.2436000000	1.2336050000	0.0231055000	0.0333332500
1.2246900000	1.2325120000	0.0292590000	0.0765655000
1.2306600000	1.2363750000	0.0454980000	0.0841047500
1.2477200000	1.2432570000	0.0574140000	0.0350407500
1.2526900000	1.2506350000	0.0560130000	-0.0419300000
1.2503000000	1.2549660000	0.0454975000	-0.1039977500
1.2688900000	1.2607450000	0.0291650000	-0.1258065000
1.2575800000	1.2606710000	0.0138145000	-0.1023145000
1.2634400000	1.2622120000	0.0052455000	-0.0507787500
1.2614300000	1.2613180000	0.0023850000	0.0086605000
1.2614500000	1.2611590000	0.0093675000	0.0510287500
1.2601000000	1.2626880000	0.0178235000	0.0643742500
1.2592900000	1.2646400000	0.0261020000	0.0593750000
1.2835700000	1.2704400000	0.0278435000	0.0554555000
1.2604500000	1.2691720000	0.0328735000	0.0580217500
1.2705400000	1.2742400000	0.0440630000	0.0404592500
1.2824100000	1.2801460000	0.0474850000	-0.0004847500
1.2909500000	1.2860230000	0.0424425000	-0.0372210000
1.2883900000	1.2886780000	0.0339880000	-0.0468547500
1.2842900000	1.2910490000	0.0295065000	-0.0290230000
1.3003300000	1.2948430000	0.0280355000	0.0005902500
1.3049400000	1.2977440000	0.0280605000	0.0291292500
1.2802600000	1.2972220000	0.0360605000	0.0378842500
1.3122100000	1.3049210000	0.0438160000	0.0118450000
1.3165500000	1.3099180000	0.0395525000	-0.0275507500
1.3018100000	1.3114890000	0.0349745000	-0.0603600000
1.3246800000	1.3168970000	0.0274215000	-0.0847965000
1.3129800000	1.3177950000	0.0167615000	-0.0909947500
1.3241200000	1.3204860000	0.0058425000	-0.0722615000
1.3266200000	1.3197100000	-0.0037180000	-0.0267707500
1.3045000000	1.3162320000	-0.0003150000	0.0227370000
1.3204000000	1.3187590000	0.0073630000	0.0529637500
1.3261600000	1.3202950000	0.0111495000	0.0774177500
1.3180500000	1.3204000000	0.0183785000	0.1062405000
1.3169100000	1.3216430000	0.0331835000	0.1186540000
1.3252600000	1.3262640000	0.0510740000	0.0842760000
1.3360100000	1.3339350000	0.0586420000	0.0081520000
1.3377100000	1.3402540000	0.0515995000	-0.0595465000
1.3524600000	1.3458590000	0.0368840000	-0.0744482500
1.3495000000	1.3472820000	0.0257050000	-0.0372270000
1.3383200000	1.3470340000	0.0301025000	-0.0024177500
1.3555500000	1.3527500000	0.0369400000	-0.0173162500
1.3545000000	1.3568280000	0.0338515000	-0.0642567500
1.3701600000	1.3621170000	0.0191240000	-0.0893597500
1.3605400000	1.3606870000	0.0041665000	-0.0596407500
1.3549000000	1.3595780000	0.0025115000	-0.0013407500
1.3600900000	1.3600490000	0.0092950000	0.0376220000
1.3647600000	1.3622580000	0.0166090000	0.0372055000
1.3602700000	1.3634830000	0.0208145000	0.0082160000
1.3679200000	1.3670750000	0.0187795000	-0.0187815000
1.3683000000	1.3686090000	0.0114830000	-0.0111557500
1.3771700000	1.3696360000	0.0080560000	0.0313272500
1.3624400000	1.3674740000	0.0168325000	0.0630352500
1.3582800000	1.3695590000	0.0344320000	0.0295415000
1.3857800000	1.3780320000	0.0361155000	-0.0558937500
1.3888600000	1.3821250000	0.0164570000	-0.1084192500
1.3804800000	1.3808210000	-0.0040850000	-0.0747412500
1.3750100000	1.3774750000	-0.0079715000	0.0113525000
1.3727700000	1.3761890000	0.0054025000	0.0704120000
1.3793500000	1.3790250000	0.0196610000	0.0611372500
1.3816100000	1.3821850000	0.0239500000	0.0100620000
1.3890800000	1.3855520000	0.0183135000	-0.0329317500
1.3857800000	1.3860010000	0.0099770000	-0.0394050000
1.3850700000	1.3861700000	0.0070460000	-0.0211867500
1.3869800000	1.3870780000	0.0066880000	-0.0011155000
1.3868200000	1.3873390000	0.0091775000	0.0054575000
1.3933000000	1.3894720000	0.0097155000	-0.0055352500
1.3804800000	1.3884790000	0.0102110000	-0.0282805000
1.3999400000	1.3925560000	0.0054795000	-0.0498562500
1.3895700000	1.3912250000	-0.0047080000	-0.0453230000
1.3924000000	1.3904760000	-0.0093940000	-0.0170162500
1.3888100000	1.3880520000	-0.0075590000	0.0059025000
1.3784600000	1.3871500000	-0.0007700000	-0.0004302500
1.3939900000	1.3900220000	-0.0027695000	-0.0196297500
1.3996600000	1.3898220000	-0.0124645000	-0.0091557500
1.3792100000	1.3850830000	-0.0137960000	0.0319920000
1.3747200000	1.3828590000	-0.0010960000	0.0569937500
1.3912400000	1.3865220000	0.0078610000	0.0443670000
1.3891500000	1.3874470000	0.0078475000	0.0211115000
1.3933100000	1.3882630000	0.0056230000	0.0074217500
1.3740500000	1.3854200000	0.0106010000	-0.0148810000
1.3917500000	1.3904330000	0.0117470000	-0.0590830000
1.3987300000	1.3923640000	-0.0022850000	-0.0845477500
1.3984600000	1.3913800000	-0.0200080000	-0.0470292500
1.3742500000	1.3838750000	-0.0203985000	0.0264885000
1.3822500000	1.3839420000	-0.0062085000	0.0653920000
1.3816000000	1.3838530000	0.0067940000	0.0368150000
1.4002600000	1.3889720000	0.0051675000	-0.0277082500
1.3728600000	1.3848290000	-0.0034295000	-0.0798915000
1.3975100000	1.3879700000	-0.0144440000	-0.0997830000
1.3797100000	1.3832260000	-0.0286735000	-0.0747635000
1.3842600000	1.3813430000	-0.0362220000	-0.0102072500
1.3770200000	1.3750320000	-0.0342610000	0.0613447500
1.3654200000	1.3711000000	-0.0173625000	0.0862440000
1.3631700000	1.3707070000	-0.0012445000	0.0346660000
1.3846800000	1.3752150000	-0.0031910000	-0.0488312500
1.3771700000	1.3737320000	-0.0212970000	-0.0894527500
1.3673300000	1.3691090000	-0.0353325000	-0.0639262500
1.3614500000	1.3635570000	-0.0358260000	-0.0213300000
1.3598500000	1.3611240000	-0.0306805000	-0.0139547500
1.3582400000	1.3587490000	-0.0305310000	-0.0454790000
1.3651300000	1.3574840000	-0.0413390000	-0.0740902500
1.3431200000	1.3500450000	-0.0530785000	-0.0640080000
1.3517500000	1.3459910000	-0.0598100000	-0.0182475000
1.3359700000	1.3372570000	-0.0581050000	0.0361040000
1.3296000000	1.3324300000	-0.0481355000	0.0671262500
1.3228700000	1.3276010000	-0.0383535000	0.0681587500
1.3364700000	1.3268450000	-0.0336045000	0.0575697500
1.3164200000	1.3210340000	-0.0304915000	0.0515287500
1.3143900000	1.3184850000	-0.0223125000	0.0410465000
1.3200700000	1.3176390000	-0.0181975000	0.0195720000
1.3178400000	1.3164510000	-0.0192660000	0.0004987500
1.3152300000	1.3139490000	-0.0218195000	-0.0123465000
1.3081600000	1.3107220000	-0.0209440000	-0.0388265000
1.3065000000	1.3090980000	-0.0213650000	-0.1009822500
1.3132800000	1.3091150000	-0.0356365000	-0.1750612500
1.3068700000	1.3049760000	-0.0644730000	-0.1951102500
1.3031300000	1.2964880000	-0.0918460000	-0.1213472500
1.2829600000	1.2835100000	-0.1008140000	0.0131520000
1.2594200000	1.2708330000	-0.0836380000	0.1205492500
1.2712900000	1.2663680000	-0.0590335000	0.1345832500
1.2590200000	1.2616680000	-0.0448355000	0.0676215000
1.2586800000	1.2587660000	-0.0427370000	-0.0304580000
1.2612400000	1.2554040000	-0.0552410000	-0.1065917500
1.2411300000	1.2475030000	-0.0712545000	-0.1299442500
1.2504400000	1.2418810000	-0.0888955000	-0.0948892500
1.2284700000	1.2292490000	-0.0985445000	-0.0153547500
1.2166100000	1.2187620000	-0.0921455000	0.0606835000
1.2033800000	1.2090210000	-0.0768365000	0.0880635000
1.2070400000	1.2046360000	-0.0650365000	0.0618892500
1.2009200000	1.1983860000	-0.0627295000	0.0105267500
1.1929900000	1.1923120000	-0.0657255000	-0.0408602500
1.1767400000	1.1839810000	-0.0699270000	-0.0874047500
1.1888000000	1.1803550000	-0.0828440000	-0.1140447500
1.1683500000	1.1693470000	-0.1013495000	-0.0887287500
1.1651800000	1.1587310000	-0.1112505000	-0.0128682500
1.1353700000	1.1437620000	-0.1055015000	0.0679267500
1.1303500000	1.1349230000	-0.0868145000	0.0956717500
1.1367300000	1.1290990000	-0.0752665000	0.0581190000
1.1184500000	1.1212720000	-0.0724645000	-0.0121695000
1.1111000000	1.1146250000	-0.0782830000	-0.0810890000
1.1129100000	1.1074250000	-0.0924995000	-0.1191155000
1.1024000000	1.0972510000	-0.1094210000	-0.1147937250
1.0771600000	1.0835940000	-0.1205785000	-0.0787826000
1.0716700000	1.0715780000	-0.1238555000	-0.0370951250
1.0662500000	1.0600170000	-0.1266699500	0.0010261250
1.0398800000	1.0453030000	-0.1242038000	0.0348076250
1.0349100000	1.0343410000	-0.1188498000	0.0576836500
1.0195200000	1.0212421000	-0.1097812500	0.0585259500
1.0187200000	1.0128862000	-0.1025722000	0.0264295500
0.9872010000	1.0003227000	-0.0999513500	-0.0294390500
1.0056300000	0.9947795000	-0.1069557500	-0.0829721250
0.9862030000	0.9820398000	-0.1246225000	-0.0954550250
0.9597470000	0.9671630000	-0.1348947500	-0.0621972500
0.9576310000	0.9536257000	-0.1370669500	-0.0184996750
0.9393440000	0.9398847000	-0.1354340500	0.0088485250
0.9213480000	0.9255651000	-0.1300559000	0.0033368250
0.9237660000	0.9154299000	-0.1314704000	-0.0251966250
0.8864080000	0.8988197000	-0.1348073000	-0.0536652750
0.9043790000	0.8900276000	-0.1446313500	-0.0596897500
0.8649270000	0.8706353000	-0.1548114000	-0.0235168750
0.8563240000	0.8563366000	-0.1537707500	0.0337393750
0.8388310000	0.8390422000	-0.1448224000	0.0704778000
0.8261750000	0.8264351000	-0.1310557500	0.0546081000
0.8051730000	0.8132425000	-0.1244467500	-0.0081252500
0.8153190000	0.8048729000	-0.1325500500	-0.0670601000
0.7899140000	0.7888503000	-0.1491635500	-0.0727712000
0.7711040000	0.7725135000	-0.1568560500	-0.0309184250
0.7508280000	0.7549619000	-0.1531916000	0.0070929500
0.7439160000	0.7417474000	-0.1461904500	0.0032351250
0.7263530000	0.7274466000	-0.1469186500	-0.0325502500
0.7163440000	0.7135954000	-0.1548507500	-0.0630693500
0.6977060000	0.6968515000	-0.1655227500	-0.0649443250
0.6785440000	0.6793530000	-0.1713133500	-0.0457896250
0.6615620000	0.6618345000	-0.1732722000	-0.0269319000
0.6444740000	0.6446533000	-0.1739842000	-0.0154428500
0.6283550000	0.6277551000	-0.1769826500	0.0006350750
0.6102590000	0.6093429000	-0.1777822000	0.0288500000
0.5931030000	0.5911415000	-0.1723394000	0.0490783000
0.5650030000	0.5727049000	-0.1605148000	0.0272904250
0.5601240000	0.5600077000	-0.1564407500	-0.0381759750
0.5503240000	0.5453833000	-0.1687136000	-0.0961993250
0.5358240000	0.5280461000	-0.1882349500	-0.0973894250
0.4956380000	0.5046170000	-0.1977466500	-0.0490971000
0.4851170000	0.4857749000	-0.1948917500	-0.0012643000
0.4714120000	0.4669995000	-0.1912925000	0.0180292750
0.4473570000	0.4480956000	-0.1895067500	0.0174055000
0.4237610000	0.4283533000	-0.1880610500	0.0113997250
0.4160650000	0.4110264000	-0.1877026000	0.0059166500
0.3902330000	0.3910391000	-0.1870083000	-0.0050391000
0.3706590000	0.3727812000	-0.1860731500	-0.0316923000
0.3522500000	0.3541657000	-0.1894846500	-0.0685049750
0.3441450000	0.3371898000	-0.2016261000	-0.0865854000
0.3128160000	0.3145004000	-0.2161696000	-0.0560338500
0.2945270000	0.2919087000	-0.2197311000	0.0078913250
0.2641460000	0.2685278000	-0.2128083500	0.0600495500
0.2429100000	0.2475611000	-0.1971784500	0.0578275825
0.2410040000	0.2318787000	-0.1926810500	0.0070950800
0.1991440000	0.2098593000	-0.1961620500	-0.0464181850
0.2065170000	0.1941896000	-0.2080344350	-0.0671642550
0.1640650000	0.1683284000	-0.2181379700	-0.0454731330
0.1484060000	0.1477364000	-0.2176655250	-0.0164722755
0.1180340000	0.1243695300	-0.2156102500	-0.0053189285
0.1130250000	0.1059419000	-0.2158376460	-0.0057541125
0.0846323000	0.0829002600	-0.2210833390	0.0024993270
0.0535804000	0.0592088800	-0.2182651910	0.0137972640
0.0392286000	0.0381159580	-0.2120275960	-0.0005392030
0.0170204000	0.0182759260	-0.2125495440	-0.0320426360
-0.0015887200	-0.0024759980	-0.2217591550	-0.0399218150
-0.0141825000	-0.0245619140	-0.2327113610	0.0032505690
-0.0633095000	-0.0528813720	-0.2270815940	0.0594770020
-0.0761131000	-0.0738012500	-0.2075153740	0.0504579940
-0.0933958000	-0.0919362900	-0.1996274810	-0.0341248005
-0.1059670000	-0.1092486700	-0.2134468490	-0.1155039100
-0.1183100000	-0.1309684800	-0.2417345300	-0.1038940210
-0.1690940000	-0.1613004000	-0.2538606650	0.0019064720
-0.1929270000	-0.1876802000	-0.2390776850	0.1047290120
-0.2081870000	-0.2096273000	-0.2151615600	0.1209664075
-0.2322220000	-0.2287652000	-0.2003556500	0.0512160575
-0.2441330000	-0.2468299000	-0.2028439000	-0.0405920225
-0.2611970000	-0.2669776000	-0.2180013500	-0.0889491950
-0.2967420000	-0.2918091000	-0.2305342000	-0.0790328500
-0.3110160000	-0.3143672000	-0.2365793500	-0.0375885500
-0.3425640000	-0.3394884000	-0.2375416500	0.0114749500
-0.3597990000	-0.3623478000	-0.2332918500	0.0545046500
-0.3862560000	-0.3862103000	-0.2264176500	0.0860411750
-0.4156260000	-0.4093167000	-0.2131470500	0.0922928500
-0.4236650000	-0.4283281000	-0.2017615000	0.0606123500
-0.4510220000	-0.4486164000	-0.1964917000	0.0001083500
-0.4690690000	-0.4668919000	-0.2005247000	-0.0620447250
-0.4809820000	-0.4866085000	-0.2138191000	-0.0890158750
-0.5049700000	-0.5089187000	-0.2285672500	-0.0616484250
-0.5430570000	-0.5352086000	-0.2316428000	-0.0039975750
-0.5521600000	-0.5567015000	-0.2253634000	0.0366712500
-0.5846160000	-0.5803314000	-0.2166400500	0.0350212750
-0.5980590000	-0.5993833000	-0.2124895000	-0.0021849250
-0.6213550000	-0.6210377000	-0.2176403500	-0.0422130250
-0.6374950000	-0.6424952000	-0.2251513000	-0.0625349250
-0.6692330000	-0.6664813000	-0.2334359500	-0.0579002500
-0.6957370000	-0.6903467000	-0.2382122500	-0.0277477750
-0.7000620000	-0.7123764000	-0.2428776000	0.0275690500
-0.7444340000	-0.7400233000	-0.2386326500	0.0950761750
-0.7739410000	-0.7647207000	-0.2178482500	0.1219458000
-0.7787540000	-0.7827418000	-0.1999274000	0.0774238000
-0.8050050000	-0.8019235000	-0.1949413500	-0.0078797250
-0.8100760000	-0.8187935000	-0.2063089000	-0.0720104000
-0.8476140000	-0.8430824000	-0.2213982000	-0.0700187250
-0.8636390000	-0.8650275000	-0.2281477000	-0.0125070750
-0.8879330000	-0.8892904000	-0.2260579000	0.0631971500
-0.9145490000	-0.9121024000	-0.2122153500	0.1122200500
-0.9371820000	-0.9329771000	-0.1941635000	0.1027268750
-0.9489590000	-0.9498952000	-0.1821810500	0.0419102000
-0.9660940000	-0.9667176000	-0.1845746000	-0.0240726250
-0.9820150000	-0.9851217000	-0.1957634500	-0.0442164500
-1.0036700000	-1.0063924000	-0.2039080000	-0.0098224500
-1.0346700000	-1.0287415000	-0.2001244000	0.0435400750
-1.0497800000	-1.0477870000	-0.1887095000	0.0738641250
-1.0598200000	-1.0647130000	-0.1804733000	0.0754945250
-1.0861000000	-1.0836000000	-0.1736702500	0.0622574000
-1.1014200000	-1.1002110000	-0.1674640000	0.0398664250
-1.1193400000	-1.1169610000	-0.1633575000	0.0104019000
-1.1257300000	-1.1312400000	-0.1653415000	-0.0179803750
-1.1518500000	-1.1495780000	-0.1701785000	-0.0355990000
-1.1656800000	-1.1663850000	-0.1730205000	-0.0479702500
-1.1862200000	-1.1840840000	-0.1780550000	-0.0538840000
-1.1992600000	-1.2008870000	-0.1862300000	-0.0340465000
-1.2142300000	-1.2201900000	-0.1938915000	0.0262610000
-1.2452500000	-1.2426200000	-0.1860550000	0.0968175000
-1.2697400000	-1.2612500000	-0.1646930000	0.1182522500
-1.2780000000	-1.2746370000	-0.1477475000	0.0785465000
-1.2728100000	-1.2855140000	-0.1489805000	0.0336652500
-1.3040200000	-1.3035740000	-0.1544700000	0.0343885000
-1.3301200000	-1.3209850000	-0.1471060000	0.0578877500
-1.3358000000	-1.3343000000	-0.1337310000	0.0548062500
-1.3369200000	-1.3444510000	-0.1295725000	0.0257122500
-1.3617000000	-1.3587970000	-0.1330050000	0.0101272500
-1.3717100000	-1.3721320000	-0.1348985000	0.0287610000
-1.3881100000	-1.3869340000	-0.1296385000	0.0631845000
-1.3979400000	-1.3986840000	-0.1190585000	0.0786825000
-1.4159000000	-1.4112200000	-0.1073365000	0.0536080000
-1.4153500000	-1.4192260000	-0.1020605000	-0.0049275000
-1.4339100000	-1.4298680000	-0.1082220000	-0.0567140000
-1.4333000000	-1.4393110000	-0.1215095000	-0.0576477500
-1.4498400000	-1.4538570000	-0.1319350000	0.0020700000
-1.4770600000	-1.4695990000	-0.1249425000	0.0758170000
-1.4845800000	-1.4815260000	-0.1057290000	0.0974700000
-1.4856100000	-1.4889160000	-0.0926075000	0.0589517500
-1.5017600000	-1.4975360000	-0.0930100000	0.0173382500
-1.4969800000	-1.5054600000	-0.1014245000	0.0350257500
-1.5185600000	-1.5193200000	-0.0992245000	0.1096945000
-1.5404300000	-1.5303990000	-0.0768240000	0.1691532500
-1.5423800000	-1.5360570000	-0.0486010000	0.1516887500
-1.5234100000	-1.5355060000	-0.0358380000	0.0722615000
-1.5448100000	-1.5408810000	-0.0377470000	-0.0075840000
-1.5466100000	-1.5442190000	-0.0439600000	-0.0481510000
-1.5471500000	-1.5488840000	-0.0529915000	-0.0379435000
-1.5484200000	-1.5541000000	-0.0588450000	0.0147205000
-1.5653700000	-1.5627800000	-0.0531555000	0.0722015000
-1.5756700000	-1.5680480000	-0.0362530000	0.0864157500
-1.5709900000	-1.5692250000	-0.0232280000	0.0466765000
-1.5566600000	-1.5680040000	-0.0268600000	0.0033082500
-1.5782600000	-1.5742470000	-0.0339125000	0.0039532500
-1.5792300000	-1.5777540000	-0.0321570000	0.0384015000
-1.5866600000	-1.5820220000	-0.0226775000	0.0701785000
-1.5741200000	-1.5810290000	-0.0135565000	0.0817060000
-1.5886200000	-1.5841640000	-0.0067370000	0.0830870000
-1.5840200000	-1.5837000000	0.0033445000	0.0761502500
-1.5842200000	-1.5830420000	0.0106750000	0.0605702500
-1.5811200000	-1.5811750000	0.0166090000	0.0424435000
-1.5746400000	-1.5784070000	0.0170560000	0.0323827500
-1.5855300000	-1.5787680000	0.0202045000	0.0326590000
-1.5679900000	-1.5747150000	0.0252870000	0.0255010000
-1.5791800000	-1.5734630000	0.0280995000	0.0084555000
-1.5711300000	-1.5691330000	0.0283190000	-0.0046407500
-1.5541400000	-1.5650640000	0.0214000000	0.0148637500
-1.5721800000	-1.5663620000	0.0224800000	0.0719485000
-1.5682800000	-1.5640330000	0.0366355000	0.1293382500
-1.5589300000	-1.5590880000	0.0554595000	0.1569380000
-1.5508500000	-1.5516860000	0.0720090000	0.1543257500
-1.5447200000	-1.5444400000	0.0868390000	0.1308190000
-1.5378800000	-1.5350300000	0.1004375000	0.0870145000
-1.5291300000	-1.5242940000	0.1093890000	0.0257095000
-1.5002300000	-1.5099110000	0.1051290000	-0.0260547500
-1.5054800000	-1.5022010000	0.0955985000	-0.0391730000
-1.4910900000	-1.4927430000	0.0918345000	-0.0238390000
-1.4883200000	-1.4850350000	0.0933070000	-0.0087602500
-1.4752400000	-1.4738550000	0.0941390000	-0.0005925000
-1.4589300000	-1.4642350000	0.0905655000	0.0220332500
-1.4520000000	-1.4558930000	0.0907610000	0.0701687500
-1.4638300000	-1.4500230000	0.1047850000	0.1115547500
-1.4301700000	-1.4355220000	0.1230790000	0.1076315000
-1.4216400000	-1.4228150000	0.1331060000	0.0655982500
-1.4116000000	-1.4082380000	0.1352135000	0.0227040000
-1.3942200000	-1.3950110000	0.1319605000	0.0097905000
-1.3740900000	-1.3815570000	0.1312030000	0.0247785000
-1.3802100000	-1.3709380000	0.1373815000	0.0364490000
-1.3587500000	-1.3553980000	0.1461405000	0.0208782500
-1.3286400000	-1.3383080000	0.1445460000	-0.0046327500
-1.3271900000	-1.3253580000	0.1381280000	-0.0040307500
-1.3164300000	-1.3130180000	0.1383735000	0.0223085000
-1.2959300000	-1.2984250000	0.1439910000	0.0493720000
-1.2895800000	-1.2844980000	0.1521365000	0.0622110000
-1.2613200000	-1.2670700000	0.1579875000	0.0663945000
-1.2557300000	-1.2524620000	0.1622820000	0.0778867500
-1.2388700000	-1.2362620000	0.1727435000	0.0884490000
-1.2117400000	-1.2174770000	0.1832210000	0.0803112500
-1.2108800000	-1.2003270000	0.1933275000	0.0516302500
-1.1725800000	-1.1774520000	0.1955375000	0.0230335000
-1.1522400000	-1.1584530000	0.1903470000	0.0298747500
-1.1462200000	-1.1415000000	0.1933860000	0.0652211500
-1.1270900000	-1.1227630000	0.2074220000	0.0770412750
-1.0988800000	-1.0997670000	0.2212360000	0.0264881500
-1.0768300000	-1.0759950000	0.2211478000	-0.0675435750
-1.0480900000	-1.0527230000	0.2044684500	-0.1409336250
-1.0316000000	-1.0338390000	0.1799810000	-0.1358998750
-1.0191300000	-1.0181844000	0.1634835000	-0.0446287500
-1.0007200000	-1.0034593000	0.1645601500	0.0853182750
-0.9925940000	-0.9884922000	0.1855664000	0.1805105750
-0.9766650000	-0.9686287000	0.2159569500	0.1880668750
-0.9406460000	-0.9430999000	0.2369044000	0.1166954250
-0.9124270000	-0.9173670000	0.2399699500	0.0249848250
-0.8976370000	-0.8946320000	0.2347836500	-0.0417702000
-0.8707310000	-0.8711560000	0.2274775000	-0.0774684250
-0.8488100000	-0.8489014000	0.2188572000	-0.0882098750
-0.8233150000	-0.8260914000	0.2059883000	-0.0628626250
-0.8080450000	-0.8078879000	0.1977102000	0.0072462500
-0.7832130000	-0.7883346000	0.2021647000	0.0912040250
-0.7848330000	-0.7713387000	0.2231250000	0.1265012000
-0.7414230000	-0.7441314000	0.2449052000	0.0703770750
-0.7167380000	-0.7181396000	0.2471870500	-0.0404381500
-0.6892670000	-0.6919476000	0.2318155000	-0.1265398750
-0.6682310000	-0.6704488000	0.2069766000	-0.1266963000
-0.6510470000	-0.6522917000	0.1928543000	-0.0458448500
-0.6341980000	-0.6344595000	0.1947784000	0.0530004250
-0.6246040000	-0.6165061000	0.2132135000	0.0967473250
-0.5882700000	-0.5912819000	0.2292959500	0.0560964000
-0.5706620000	-0.5680814000	0.2321000500	-0.0296117500
-0.5350090000	-0.5419752000	0.2184271000	-0.0923040500
-0.5270040000	-0.5239425000	0.2010900500	-0.0882232000
-0.4961140000	-0.5033067000	0.1924083500	-0.0363392000
-0.4985010000	-0.4880190000	0.1954106000	0.0142639500
-0.4625920000	-0.4652321000	0.2042847000	0.0267448250
-0.4417700000	-0.4445214000	0.2047448000	0.0164708250
-0.4252970000	-0.4242200000	0.2040164500	0.0160205750
-0.4038550000	-0.4040393000	0.2033609000	0.0356173750
-0.3871700000	-0.3848128000	0.2102541500	0.0563561000
-0.3582690000	-0.3622710000	0.2196645500	0.0432846750
-0.3499030000	-0.3412327000	0.2269668500	-0.0186399000
-0.3116330000	-0.3152926000	0.2226452500	-0.1128486750
-0.2857410000	-0.2931246000	0.2018790000	-0.1875192000
-0.2768370000	-0.2744172000	0.1738893000	-0.1915648500
-0.2614390000	-0.2595542000	0.1513708500	-0.1127751500
-0.2308310000	-0.2444962000	0.1420860000	0.0135946250
-0.2487090000	-0.2357581000	0.1564801000	0.1099887000
-0.2245050000	-0.2170469000	0.1833026500	0.1044308350
-0.1906340000	-0.1950815000	0.1949138000	0.0081174375
-0.1629320000	-0.1727503000	0.1831308500	-0.0967217750
-0.1646960000	-0.1584705000	0.1628417200	-0.1457072825
-0.1406100000	-0.1421336000	0.1461130350	-0.1347990800
-0.1282030000	-0.1291560000	0.1336320200	-0.0872573975
-0.1101660000	-0.1150645600	0.1255050900	-0.0218241625
-0.1125000000	-0.1061704100	0.1281962600	0.0353899320
-0.0879656000	-0.0912935600	0.1397308100	0.0459169720
-0.0872379000	-0.0780971700	0.1482651250	-0.0012425470
-0.0514314000	-0.0591717400	0.1449495290	-0.0762172789
-0.0407261000	-0.0456997400	0.1263704911	-0.1252520180
-0.0420982000	-0.0358411100	0.1110153769	-0.1298597722
-0.0197959000	-0.0243685420	0.0988764701	-0.1130120474
-0.0175429000	-0.0160017238	0.0898065401	-0.0940900642
-0.0044935200	-0.0064000426	0.0813136214	-0.0805516659
0.0008314020	0.0004636468	0.0726656840	-0.0639516720
0.0071925500	0.0073983284	0.0675782946	-0.0432375064
0.0134557000	0.0138562802	0.0639309644	-0.0221505867
0.0211324000	0.0198517050	0.0639302579	-0.0092487624
0.0272587000	0.0264734700	0.0643024131	-0.0128264187
0.0253661000	0.0320821100	0.0646830999	-0.0328215160
0.0492472000	0.0411050300	0.0588442025	-0.0588410694
0.0452125000	0.0448144400	0.0498404550	-0.0782010602
0.0456456000	0.0494023300	0.0428421700	-0.0964940600
0.0521427000	0.0534854000	0.0336965400	-0.1186363362
0.0674833000	0.0584559000	0.0178795100	-0.1299510950
0.0548129000	0.0570518300	0.0020561100	-0.1170153275
0.0550690000	0.0568626200	-0.0079718000	-0.0878303100
0.0540194000	0.0549535900	-0.0135125050	-0.0588413125
0.0632023000	0.0553580100	-0.0192164650	-0.0361734725
0.0421028000	0.0500323000	-0.0210662850	-0.0248082850
0.0534575000	0.0499837800	-0.0198243300	-0.0395629460
0.0445728000	0.0471404500	-0.0239244350	-0.0764456985
0.0494543000	0.0464790200	-0.0349409150	-0.1091492720
0.0451869000	0.0417384600	-0.0526150470	-0.1050653850
0.0339961000	0.0346111000	-0.0636605830	-0.0626767760
0.0251634000	0.0271018000	-0.0656204870	-0.0179004795
0.0199717000	0.0204347460	-0.0604039920	-0.0109170835
0.0172419000	0.0158178120	-0.0593355130	-0.0529493045
0.0056539600	0.0096084040	-0.0670707150	-0.1145460750
0.0127958000	0.0047878320	-0.0864838720	-0.1493061570
-0.0065789000	-0.0069529640	-0.1078322530	-0.1279503335
-0.0186969000	-0.0191742700	-0.1184110380	-0.0737668495
-0.0370658000	-0.0328647300	-0.1185806420	-0.0337572435
-0.0424615000	-0.0430141200	-0.1164348280	-0.0328670950
-0.0514884000	-0.0538744700	-0.1224573350	-0.0528876995
-0.0644899000	-0.0670108900	-0.1306768250	-0.0700722335
-0.0818225000	-0.0811201600	-0.1374047900	-0.0888106360
-0.1030660000	-0.0955877700	-0.1438121500	-0.1191120600
-0.0973114000	-0.1073340100	-0.1591281000	-0.1458450525
-0.1208560000	-0.1251739800	-0.1813085950	-0.1310724975
-0.1544280000	-0.1465310400	-0.1942479850	-0.0684951750
-0.1617710000	-0.1656867000	-0.1961912050	0.0100712875
-0.1850330000	-0.1859484000	-0.1894320200	0.0657322200
-0.2100050000	-0.2053168000	-0.1755468300	0.0628924275
-0.2213720000	-0.2211787000	-0.1649569500	-0.0099659325
-0.2385670000	-0.2358524000	-0.1703593500	-0.1154185850
-0.2441220000	-0.2516024000	-0.1935520500	-0.1855760600
-0.2632630000	-0.2726858000	-0.2234454500	-0.1758939500
-0.3145040000	-0.3006580000	-0.2386866500	-0.1100306000
-0.3179870000	-0.3229621000	-0.2399812500	-0.0536514000
-0.3419420000	-0.3466834000	-0.2420972500	-0.0338970250
-0.3815180000	-0.3722348000	-0.2437227500	-0.0391565000
-0.3855520000	-0.3943907000	-0.2500684500	-0.0474126750
-0.4233010000	-0.4215968000	-0.2572514000	-0.0421262500
-0.4501190000	-0.4477122000	-0.2585457500	-0.0380887500
-0.4699040000	-0.4729554000	-0.2613236500	-0.0474232250
-0.5046840000	-0.4997805000	-0.2657160500	-0.0643221500
-0.5170310000	-0.5244709000	-0.2763883000	-0.0700666750
-0.5550800000	-0.5550849000	-0.2851302000	-0.0542093000
-0.5871530000	-0.5837370000	-0.2875328500	-0.0320501750
-0.6174770000	-0.6130124000	-0.2880182500	-0.0116667000
-0.6266130000	-0.6389537000	-0.2917042000	0.0179818750
-0.6776040000	-0.6720981000	-0.2905204500	0.0599708500
-0.7057700000	-0.7008309000	-0.2764271500	0.0759778500
-0.7283220000	-0.7270484000	-0.2638712500	0.0348946750
-0.7467640000	-0.7510743000	-0.2617163000	-0.0497093000
-0.7745240000	-0.7767746000	-0.2759859500	-0.1287575000
-0.8122250000	-0.8066130000	-0.2951164000	-0.1585884250
-0.8233500000	-0.8347879000	-0.3162164500	-0.1262326250
-0.8747180000	-0.8707077000	-0.3290514500	-0.0423518250
-0.9060690000	-0.9039745000	-0.3256863000	0.0481540500
-0.9371420000	-0.9368233000	-0.3129757000	0.1001490000
-0.9683990000	-0.9668971000	-0.2965614500	0.0890830000
-0.9960110000	-0.9954204000	-0.2863455500	0.0195584000
-1.0230000000	-1.0225461000	-0.2887048000	-0.0693162000
-1.0502200000	-1.0508961000	-0.3047389000	-0.1221641750
-1.0726000000	-1.0815730000	-0.3266130500	-0.0983488000
-1.1208700000	-1.1184540000	-0.3363248500	-0.0145208000
-1.1601500000	-1.1532270000	-0.3272064500	0.0631967750
-1.1853400000	-1.1846110000	-0.3112820000	0.0861020500
-1.2066500000	-1.2128040000	-0.3028800000	0.0665978750
-1.2502800000	-1.2443760000	-0.3009400000	0.0491412250
-1.2700500000	-1.2735620000	-0.2981580000	0.0542020000
-1.3039000000	-1.3042490000	-0.2922520000	0.0704167500
-1.3404100000	-1.3335570000	-0.2811500000	0.0728907500
-1.3556900000	-1.3598020000	-0.2724020000	0.0507722500
-1.3847000000	-1.3864710000	-0.2701465000	0.0224535000
-1.4211400000	-1.4141990000	-0.2707315000	0.0121100000
-1.4318400000	-1.4397240000	-0.2726650000	0.0309327500
-1.4686600000	-1.4690170000	-0.2693265000	0.0644845000
-1.5055800000	-1.4968310000	-0.2555255000	0.0702190000
-1.5195500000	-1.5199580000	-0.2439935000	0.0239005000
-1.5377300000	-1.5422850000	-0.2460720000	-0.0448735000
-1.5661000000	-1.5673050000	-0.2594785000	-0.0808750000
-1.5950500000	-1.5947730000	-0.2729205000	-0.0516847500
-1.6235400000	-1.6232360000	-0.2778285000	0.0351157500
-1.6505200000	-1.6517680000	-0.2690600000	0.1420805000
-1.6809600000	-1.6790400000	-0.2463370000	0.2187995000
-1.7115500000	-1.7034870000	-0.2137050000	0.2213185000
-1.7188800000	-1.7205850000	-0.1882230000	0.1476945000
-1.7384700000	-1.7375920000	-0.1805975000	0.0504635000
-1.7493300000	-1.7543630000	-0.1864585000	-0.0106600000
-1.7740700000	-1.7752530000	-0.1927505000	-0.0193417500
-1.8023500000	-1.7953690000	-0.1926125000	0.0025612500
-1.8144200000	-1.8138530000	-0.1897870000	0.0373805000
-1.8179800000	-1.8305460000	-0.1900655000	0.0952587500
-1.8661200000	-1.8546510000	-0.1771515000	0.1646157500
-1.8701100000	-1.8696100000	-0.1505365000	0.1919265000
-1.8914300000	-1.8845080000	-0.1242915000	0.1477707500
-1.8825800000	-1.8911700000	-0.1129590000	0.0624255000
-1.9078600000	-1.9041070000	-0.1187270000	0.0084762500
-1.9126900000	-1.9155370000	-0.1241055000	0.0222545000
-1.9276600000	-1.9299180000	-0.1218560000	0.0797190000
-1.9509900000	-1.9431430000	-0.1050155000	0.1274930000
-1.9533200000	-1.9513400000	-0.0862825000	0.1340750000
-1.9528200000	-1.9575980000	-0.0756800000	0.1253142500
-1.9648400000	-1.9657500000	-0.0673125000	0.1329660000
-1.9773900000	-1.9730730000	-0.0530490000	0.1536815000
-1.9844000000	-1.9781880000	-0.0320705000	0.1580347500
-1.9698700000	-1.9776470000	-0.0154005000	0.1333390000
-1.9849200000	-1.9800260000	-0.0052045000	0.0956002500
-1.9809600000	-1.9794650000	0.0032280000	0.0558600000
-1.9745200000	-1.9782530000	0.0062135000	0.0215232500
-1.9820600000	-1.9778980000	0.0056980000	0.0075982500
-1.9734900000	-1.9765490000	0.0031985000	0.0286247500
-1.9737600000	-1.9768750000	0.0034300000	0.0898847500
-1.9853700000	-1.9789220000	0.0186330000	0.1583155000
-1.9739300000	-1.9747990000	0.0424425000	0.1874890000
-1.9788700000	-1.9704720000	0.0661905000	0.1656717500
-1.9500300000	-1.9590140000	0.0793075000	0.1229012500
-1.9559500000	-1.9527360000	0.0837490000	0.1059850000
-1.9464500000	-1.9442210000	0.0939465000	0.1176615000
-1.9317300000	-1.9346710000	0.1087520000	0.1264642500
-1.9310200000	-1.9232820000	0.1253725000	0.1131465000
-1.9089000000	-1.9082380000	0.1343745000	0.0962177500
-1.8810300000	-1.8933230000	0.1367070000	0.1131825000
-1.8909500000	-1.8830860000	0.1476535000	0.1603742500
-1.8783900000	-1.8685190000	0.1745755000	0.1817612500
-1.8393200000	-1.8462390000	0.1968740000	0.1459932500
-1.8300600000	-1.8263850000	0.2075165000	0.0836900000
-1.7972600000	-1.8035040000	0.2086165000	0.0398740000
-1.7920600000	-1.7851410000	0.2079445000	0.0408597500
-1.7624400000	-1.7630140000	0.2130680000	0.0744942500
-1.7337100000	-1.7414680000	0.2206515000	0.1165892500
-1.7315800000	-1.7216540000	0.2389690000	0.1341947500
-1.6997400000	-1.6949680000	0.2576790000	0.1051930000
-1.6608800000	-1.6666270000	0.2646230000	0.0561142500
-1.6320900000	-1.6394770000	0.2621415000	0.0280505000
-1.6275100000	-1.6167190000	0.2635120000	0.0320970000
-1.5898900000	-1.5885650000	0.2704065000	0.0489767500
-1.5523100000	-1.5599010000	0.2729480000	0.0788910000
-1.5343600000	-1.5341320000	0.2804280000	0.1221197500
-1.5137600000	-1.5069580000	0.2976955000	0.1495617500
-1.4818500000	-1.4764020000	0.3214920000	0.1248087500
-1.4298100000	-1.4390180000	0.3313380000	0.0583570000
-1.4151200000	-1.4081300000	0.3295580000	0.0029590000
-1.3632400000	-1.3727410000	0.3233780000	-0.0111197500
-1.3528700000	-1.3447060000	0.3215790000	0.0120812500
-1.3086600000	-1.3100650000	0.3273195000	0.0417585000
-1.2766600000	-1.2778240000	0.3312265000	0.0664697500
-1.2437100000	-1.2445000000	0.3403390000	0.0786939750
-1.2139900000	-1.2106190000	0.3502105000	0.0646068750
-1.1802000000	-1.1751570000	0.3599960000	0.0219457250
-1.1257500000	-1.1354590000	0.3566619500	-0.0222484750
-1.1075800000	-1.1024030000	0.3466913500	-0.0223559000
-1.0620400000	-1.0675060000	0.3430589000	0.0217782750
-1.0379300000	-1.0356641000	0.3500592000	0.0709690750
-1.0101300000	-1.0000811000	0.3661814500	0.0808788000
-0.9530010000	-0.9600117000	0.3744100000	0.0516166250
-0.9163890000	-0.9223979000	0.3737951500	0.0192134750
-0.8971450000	-0.8872135000	0.3739240500	0.0000389250
-0.8480010000	-0.8486368000	0.3757213500	-0.0131588500
-0.8017740000	-0.8093570000	0.3708642000	-0.0161255250
-0.7801370000	-0.7748257000	0.3675723000	-0.0025232000
-0.7330530000	-0.7372829000	0.3697175500	0.0071460000
-0.7100540000	-0.7019640000	0.3744042500	-0.0080701500
-0.6584610000	-0.6616368000	0.3749518000	-0.0478495000
-0.6162590000	-0.6232272000	0.3613423000	-0.0722786500
-0.5968450000	-0.5906838000	0.3514811500	-0.0597035750
-0.5465700000	-0.5543307000	0.3475319500	-0.0361620250
-0.5353390000	-0.5227239000	0.3493168000	-0.0298142000
-0.4764000000	-0.4835170000	0.3476981500	-0.0463750500
-0.4430980000	-0.4498730000	0.3364091000	-0.0554838750
-0.4261260000	-0.4186563000	0.3313594000	-0.0514921750
-0.3859470000	-0.3851890000	0.3297992500	-0.0591502500
-0.3475690000	-0.3511644000	0.3246155500	-0.0845632000
-0.3176140000	-0.3187623000	0.3123272000	-0.1079941500
-0.2881200000	-0.2886156000	0.2977930000	-0.1055168550
-0.2598420000	-0.2600034000	0.2868316500	-0.0763118450
-0.2311950000	-0.2320195000	0.2817739500	-0.0390266475
-0.2044220000	-0.2041695000	0.2809353900	-0.0140877690
-0.1787670000	-0.1764750000	0.2828326300	-0.0144633015
-0.1442410000	-0.1469973000	0.2818834250	-0.0395089980
-0.1211610000	-0.1193905200	0.2763378720	-0.0758565950
-0.0887310000	-0.0911127000	0.2659330980	-0.1085865390
-0.0645502000	-0.0656196900	0.2522448120	-0.1270535030
-0.0405396000	-0.0408581760	0.2382488170	-0.1300886990
-0.0182939000	-0.0181995420	0.2252079480	-0.1229475930
0.0079958400	0.0043467960	0.2130891100	-0.1119141900
0.0208179000	0.0239276780	0.2029590420	-0.1040043630
0.0469762000	0.0445935440	0.1940885730	-0.1060406590
0.0643550000	0.0632734300	0.1834836380	-0.1177521730
0.0796890000	0.0813737200	0.1706903220	-0.1309629140
0.1011660000	0.0978865000	0.1563504180	-0.1401127700
0.1169630000	0.1130559000	0.1409967650	-0.1450982080
0.1165420000	0.1245444000	0.1286164900	-0.1536828515
0.1476020000	0.1397059000	0.1126780000	-0.1655845590
0.1489800000	0.1486289000	0.0925136500	-0.1634293725
0.1586440000	0.1571719000	0.0759544500	-0.1456029950
0.1613350000	0.1627570000	0.0635744500	-0.1274026000
0.1689110000	0.1692600000	0.0543927500	-0.1232368750
0.1781400000	0.1749608000	0.0407986000	-0.1259389250
0.1793620000	0.1779267000	0.0259880000	-0.1167404000
0.1791670000	0.1792934000	0.0143003500	-0.0950921250
0.1782940000	0.1796962000	0.0078390500	-0.0775733250
0.1828140000	0.1808628000	0.0026958000	-0.0813760000
0.1804620000	0.1807482000	-0.0051390500	-0.1065349500
0.1806930000	0.1802877000	-0.0172803000	-0.1404462750
0.1803260000	0.1781737000	-0.0346684000	-0.1641967000
0.1757150000	0.1737856000	-0.0538263500	-0.1661287300
0.1671550000	0.1670135000	-0.0714211500	-0.1489570450
0.1593410000	0.1585017000	-0.0834952500	-0.1314948275
0.1510770000	0.1501481000	-0.0947083600	-0.1287558950
0.1354740000	0.1393483000	-0.1061077700	-0.1390412397
0.1403880000	0.1306540000	-0.1232335850	-0.1462165560
0.1093160000	0.1145480800	-0.1398757100	-0.1364379970
0.1043310000	0.1011875000	-0.1511670345	-0.1241473000
0.0833048000	0.0843563900	-0.1617071930	-0.1249046860
0.0689214000	0.0687800000	-0.1725851595	-0.1416089245
0.0545239000	0.0513373010	-0.1902047720	-0.1568384385
0.0321260000	0.0308836720	-0.2081304580	-0.1526303395
0.0098778100	0.0090426840	-0.2236739750	-0.1319624875
-0.0173921000	-0.0149056480	-0.2342744520	-0.1069269645
-0.0330761000	-0.0376493790	-0.2431816780	-0.0880313885
-0.0652175000	-0.0632266300	-0.2521243405	-0.0732182495
-0.0888480000	-0.0889148100	-0.2575478270	-0.0669928810
-0.1101560000	-0.1146017500	-0.2628958655	-0.0763931375
-0.1499330000	-0.1420175000	-0.2697692000	-0.0929084720
-0.1626140000	-0.1671397000	-0.2827705950	-0.0884498835
-0.1860550000	-0.1963069000	-0.2980113250	-0.0366047747
-0.2388090000	-0.2303670000	-0.2973901000	0.0327321325
-0.2660700000	-0.2600573000	-0.2807327500	0.0420273225
-0.2815700000	-0.2848629000	-0.2703198000	-0.0428042125
-0.3094800000	-0.3101001000	-0.2810422500	-0.1729291250
-0.3324400000	-0.3375311000	-0.3138650000	-0.2562903000
-0.3689910000	-0.3724899000	-0.3497414500	-0.2391800000
-0.4070390000	-0.4095817000	-0.3745953500	-0.1391035500
-0.4604970000	-0.4511803000	-0.3786646500	-0.0199028750
-0.4762450000	-0.4860336000	-0.3712439500	0.0572753000
-0.5342560000	-0.5262146000	-0.3577218500	0.0673389750
-0.5588110000	-0.5580553000	-0.3477641500	0.0207564500
-0.5945130000	-0.5929277000	-0.3516816500	-0.0273047750
-0.6115260000	-0.6254655000	-0.3643228000	-0.0201522500
-0.6762950000	-0.6677055000	-0.3691146500	0.0465191500
-0.7081240000	-0.7041845000	-0.3533919500	0.1072708000
-0.7380620000	-0.7382684000	-0.3344717500	0.1049367750
-0.7691090000	-0.7694462000	-0.3219382000	0.0433218250
-0.7996750000	-0.8000615000	-0.3258379500	-0.0256375500
-0.8344280000	-0.8339119000	-0.3353639000	-0.0531408750
-0.8567790000	-0.8667478000	-0.3444285000	-0.0395978750
-0.9193900000	-0.9055045000	-0.3444764500	-0.0158497000
-0.9330510000	-0.9368207000	-0.3399053500	-0.0164954250
-0.9633970000	-0.9700070000	-0.3456615000	-0.0229490500
-1.0136500000	-1.0066055000	-0.3505116000	0.0003175000
-1.0336900000	-1.0404997000	-0.3526334000	0.0654370250
-1.0842300000	-1.0787260000	-0.3421939500	0.1544699750
-1.1110800000	-1.1112390000	-0.3183485500	0.2163434000
-1.1471500000	-1.1432620000	-0.2886101500	0.2091339750
-1.1716200000	-1.1688640000	-0.2633790000	0.1244737500
-1.1943900000	-1.1929660000	-0.2570850000	0.0113791750
-1.2080000000	-1.2163650000	-0.2694920000	-0.0490561750
-1.2457100000	-1.2461200000	-0.2855350000	-0.0078455000
-1.2798300000	-1.2771900000	-0.2834015000	0.1033552500
-1.3083100000	-1.3061320000	-0.2613275000	0.2002010000
-1.3365400000	-1.3311270000	-0.2288565000	0.2196362500
-1.3496300000	-1.3502090000	-0.2042680000	0.1639462500
-1.3694000000	-1.3690310000	-0.1952590000	0.0942162500
-1.3833800000	-1.3879200000	-0.1937260000	0.0610457500
-1.4101500000	-1.4084380000	-0.1915045000	0.0732117500
-1.4369500000	-1.4288950000	-0.1792250000	0.1006922500
-1.4337200000	-1.4429860000	-0.1681145000	0.1223317500
-1.4700300000	-1.4623830000	-0.1556365000	0.1449477500
-1.4708700000	-1.4749110000	-0.1402235000	0.1693045000
-1.4975800000	-1.4907390000	-0.1223900000	0.1941965000
-1.4966900000	-1.5002480000	-0.0989520000	0.2043012500
-1.5119200000	-1.5097500000	-0.0786805000	0.1946347500
-1.5258500000	-1.5170210000	-0.0574480000	0.1697782500
-1.5071600000	-1.5190340000	-0.0437135000	0.1389047500
-1.5319600000	-1.5253630000	-0.0328190000	0.1190945000
-1.5341600000	-1.5275530000	-0.0200005000	0.1125795000
-1.5173000000	-1.5270430000	-0.0123895000	0.1322930000
-1.5332100000	-1.5297870000	-0.0017475000	0.1883900000
-1.5345300000	-1.5304760000	0.0224905000	0.2474782500
-1.5272100000	-1.5268850000	0.0554945000	0.2590430000
-1.5285000000	-1.5198950000	0.0883310000	0.1990820000
-1.5007400000	-1.5055740000	0.1017890000	0.1105402500
-1.4945200000	-1.4962230000	0.1011020000	0.0655962500
-1.4795300000	-1.4855640000	0.1003100000	0.0876397500
-1.4951100000	-1.4805560000	0.1156270000	0.1348800000
-1.4575200000	-1.4633890000	0.1365320000	0.1595162500
-1.4565000000	-1.4506460000	0.1505495000	0.1795157500
-1.4210600000	-1.4319990000	0.1639880000	0.2283470000
-1.4281900000	-1.4200190000	0.1880110000	0.2947822500
-1.4088500000	-1.3997090000	0.2322055000	0.3069737500
-1.3711100000	-1.3718210000	0.2685895000	0.2250240000
-1.3420300000	-1.3418870000	0.2853640000	0.0958725000
-1.3038200000	-1.3110530000	0.2800095000	0.0008460000
-1.2920400000	-1.2862180000	0.2705635000	-0.0078822500
-1.2560000000	-1.2585770000	0.2687800000	0.0547367500
-1.2323500000	-1.2331850000	0.2779180000	0.1432807000
-1.2091700000	-1.2055260000	0.3014055000	0.2010084000
-1.1800700000	-1.1744800000	0.3299820000	0.1923757250
-1.1377400000	-1.1378460000	0.3498574000	0.1363970000
-1.0983500000	-1.1009840000	0.3542335000	0.0963067500
-1.0614900000	-1.0660550000	0.3555447500	0.1179794500
-1.0379100000	-1.0329002000	0.3696790000	0.1763479500
-1.0043300000	-0.9955916000	0.3975629500	0.2076342250
-0.9473720000	-0.9521507000	0.4241933000	0.1771841250
-0.9065420000	-0.9075448000	0.4365791000	0.1149535250
-0.8723650000	-0.8651270000	0.4438903500	0.0593285000
-0.8054760000	-0.8173552000	0.4444418500	0.0235322250
-0.7904020000	-0.7772859000	0.4467371000	0.0025979500
-0.7195720000	-0.7281093000	0.4475441000	-0.0157420250
-0.6887900000	-0.6856613000	0.4407875000	-0.0098940250
-0.6389450000	-0.6407397000	0.4386739500	0.0314851000
-0.5940170000	-0.5981436000	0.4417909000	0.0897686250
-0.5664310000	-0.5561736000	0.4611566500	0.1141809000
-0.5058260000	-0.5063625000	0.4794720000	0.0666708000
-0.4573810000	-0.4568234000	0.4822642500	-0.0159492900
-0.3986800000	-0.4065239000	0.4689254000	-0.0642367300
-0.3632670000	-0.3630857000	0.4544237500	-0.0389139825
-0.3233970000	-0.3193067000	0.4549979200	0.0262563900
-0.2762540000	-0.2736475000	0.4651528500	0.0756393900
-0.2217570000	-0.2255184000	0.4776492750	0.0815303050
-0.1778840000	-0.1771531600	0.4851419800	0.0481330000
-0.1364830000	-0.1294481800	0.4908136550	-0.0135698750
-0.0672616000	-0.0769872100	0.4858855000	-0.0880759050
-0.0365016000	-0.0305539800	0.4703054800	-0.1393551400
0.0230275000	0.0175531200	0.4504701300	-0.1404647450
0.0654178000	0.0601574400	0.4323656900	-0.0886932250
0.0928504000	0.1006255700	0.4295737400	-0.0261065550
0.1446490000	0.1441322600	0.4363270550	-0.0127975000
0.1916930000	0.1891543400	0.4391450700	-0.0667174300
0.2282220000	0.2334666000	0.4288583950	-0.1484826300
0.2861790000	0.2780026000	0.4031757300	-0.1877147700
0.3213850000	0.3156905000	0.3741328300	-0.1402509500
0.3444030000	0.3486811000	0.3649049500	-0.0483949975
0.3819790000	0.3847585000	0.3735544500	-0.0055996450
0.4162920000	0.4228007000	0.3840634000	-0.0634932150
0.4768940000	0.4664763000	0.3720282000	-0.1810992750
0.5006900000	0.5011811000	0.3387103500	-0.2637910250
0.5412440000	0.5336639000	0.3041143500	-0.2705429000
0.5564830000	0.5597855000	0.2776457500	-0.2247273000
0.5804230000	0.5866468000	0.2625492500	-0.1693826000
0.6278990000	0.6148752000	0.2451293000	-0.1153011250
0.6347680000	0.6354309000	0.2344310000	-0.0614720000
0.6502910000	0.6574765000	0.2368612000	-0.0442734500
0.6784340000	0.6821882000	0.2394359500	-0.0895367750
0.7192980000	0.7097608000	0.2257326500	-0.1687960500
0.7342000000	0.7303261000	0.1977808000	-0.2257221500
0.7448570000	0.7471038000	0.1727418000	-0.2491025250
0.7597170000	0.7632279000	0.1500431500	-0.2614094500
0.7844780000	0.7789297000	0.1231750500	-0.2645258000
0.8005410000	0.7906286000	0.0895590500	-0.2332253000
0.7860120000	0.7937644000	0.0680575000	-0.1715688500
0.8034250000	0.8011529000	0.0595501000	-0.1290691750
0.8011860000	0.8058678000	0.0526299500	-0.1331992250
0.8228920000	0.8138938000	0.0380225000	-0.1682488250
0.8152880000	0.8151893000	0.0143924500	-0.1938567250
0.8109970000	0.8148160000	-0.0049265000	-0.2025007000
0.8217770000	0.8145187000	-0.0247744500	-0.2120475000
0.8071500000	0.8098694000	-0.0445075500	-0.2313585250
0.8064970000	0.8060754000	-0.0698106500	-0.2501823000
0.8025490000	0.7974125000	-0.0989231500	-0.2449745250
0.7935910000	0.7863111000	-0.1252227000	-0.2161006500
0.7566030000	0.7689806000	-0.1411478000	-0.1907375750
0.7639460000	0.7577429000	-0.1552068500	-0.1907298000
0.7457710000	0.7413847000	-0.1792425000	-0.1889300250
0.7233060000	0.7215400000	-0.2006946500	-0.1611683750
0.6996560000	0.6993287000	-0.2151547500	-0.1227125750
0.6673760000	0.6757386000	-0.2186054500	-0.1116743750
0.6675280000	0.6577679000	-0.2289506000	-0.1385012500
0.6302080000	0.6320712000	-0.2474834000	-0.1682439000
0.6127430000	0.6077938000	-0.2676262000	-0.1773159500
0.5719620000	0.5777108000	-0.2861204000	-0.1616255000
0.5550980000	0.5503398000	-0.3005858500	-0.1355099250
0.5233700000	0.5184236000	-0.3140558500	-0.1137045500
0.4795990000	0.4851843000	-0.3201777500	-0.1162461250
0.4494000000	0.4539801000	-0.3295938000	-0.1470713750
0.4328090000	0.4226100000	-0.3493128000	-0.1690809500
0.3940150000	0.3861454000	-0.3745449000	-0.1415525825
0.3284350000	0.3434315000	-0.3863453500	-0.0698327475
0.3135060000	0.3068077000	-0.3850292500	-0.0045940550
0.2727240000	0.2679748000	-0.3813143650	0.0198907750
0.2177200000	0.2285729000	-0.3738031150	-0.0101835000
0.1979650000	0.1940666000	-0.3750774350	-0.0797808050
0.1599650000	0.1569508700	-0.3909775850	-0.1341538950
0.1207120000	0.1172635300	-0.4135264700	-0.1241226750
0.0745747000	0.0729414600	-0.4286432400	-0.0467192800
0.0227429000	0.0276917200	-0.4245948000	0.0426626950
-0.0157590000	-0.0137020500	-0.4100167700	0.0828618750
-0.0523978000	-0.0531986100	-0.3972326350	0.0588479750
-0.0892494000	-0.0913839200	-0.3941192750	-0.0005409400
-0.1351210000	-0.1314482600	-0.3989371450	-0.0531266550
-0.1660450000	-0.1701982400	-0.4099550850	-0.0655946650
-0.2110120000	-0.2128055000	-0.4206865200	-0.0225365150
-0.2562870000	-0.2559196000	-0.4218548800	0.0596290425
-0.3042220000	-0.2999657000	-0.4077026300	0.1329619325
-0.3375350000	-0.3385580000	-0.3859619500	0.1518748600
-0.3841130000	-0.3769579000	-0.3666170000	0.1103692450
-0.4024830000	-0.4093835000	-0.3598490500	0.0462540900
-0.4488690000	-0.4468250000	-0.3642053500	0.0169937750
-0.4804040000	-0.4829585000	-0.3664496500	0.0457325250
-0.5228870000	-0.5212615000	-0.3614540000	0.1165859500
-0.5619740000	-0.5576365000	-0.3424986000	0.1885946500
-0.5874420000	-0.5900417000	-0.3181069000	0.2263217000
-0.6274070000	-0.6218241000	-0.2907272000	0.2195988500
-0.6490000000	-0.6477504000	-0.2685022500	0.1792070000
-0.6737550000	-0.6736317000	-0.2550239500	0.1377254750
-0.6917380000	-0.6975994000	-0.2460195500	0.1170355750
-0.7324140000	-0.7241028000	-0.2353690500	0.1176210750
-0.7477040000	-0.7459852000	-0.2208203500	0.1275652750
-0.7587330000	-0.7659803000	-0.2109845500	0.1566263000
-0.7950040000	-0.7886339000	-0.1969365000	0.2208104000
-0.8070410000	-0.8075709000	-0.1712130000	0.2996197500
-0.8270710000	-0.8246862000	-0.1327306000	0.3434310500
-0.8446620000	-0.8358020000	-0.0892424000	0.3082997500
-0.8401680000	-0.8406109000	-0.0576828500	0.2039997750
-0.8378530000	-0.8427942000	-0.0485415500	0.0997874750
-0.8533360000	-0.8488980000	-0.0508231500	0.0655412000
-0.8448600000	-0.8535364000	-0.0491309000	0.1109104000
-0.8700420000	-0.8614392000	-0.0339577500	0.1946104500
-0.8713150000	-0.8635651000	-0.0038421500	0.2613535250
-0.8485380000	-0.8597073000	0.0241429500	0.2959614250
-0.8683710000	-0.8590050000	0.0548809000	0.3085809500
-0.8535070000	-0.8508408000	0.0895582000	0.2908976000
-0.8411610000	-0.8401276000	0.1195909000	0.2440241000
-0.8267780000	-0.8251519000	0.1400923000	0.1934200750
-0.8076910000	-0.8101917000	0.1519243500	0.1742762750
-0.7931960000	-0.7952188000	0.1665019500	0.1916896000
-0.7900440000	-0.7798721000	0.1908332000	0.2103487750
-0.7571560000	-0.7573024000	0.2163972000	0.2030223750
-0.7301500000	-0.7337815000	0.2336337500	0.1864532250
-0.7108160000	-0.7100551000	0.2476853000	0.1928429500
-0.6912270000	-0.6859965000	0.2672007500	0.2254390500
-0.6573770000	-0.6574444000	0.2928090000	0.2623253000
-0.6285210000	-0.6275725000	0.3229945000	0.2767012750
-0.5946240000	-0.5931510000	0.3531827000	0.2545796500
-0.5664120000	-0.5572437000	0.3799083000	0.2005561250
-0.5057710000	-0.5144519000	0.3945516500	0.1422307000
-0.4774780000	-0.4766025000	0.4021333500	0.1095336500
-0.4390310000	-0.4356651000	0.4115367000	0.1022001375
-0.4000970000	-0.3953646000	0.4240727500	0.1026098100
-0.3396060000	-0.3490029000	0.4329659500	0.1075188750
-0.3185060000	-0.3087820000	0.4416617750	0.1295691600
-0.2553680000	-0.2619340000	0.4564266700	0.1662435125
-0.2237510000	-0.2178806000	0.4746240850	0.2073788750
-0.1737480000	-0.1685162500	0.4991901900	0.2429627650
-0.1070640000	-0.1161887600	0.5252243650	0.2497636700
-0.0731725000	-0.0651944600	0.5523079600	0.2183986975
-0.0160396000	-0.0089562200	0.5840238850	0.1270105075
0.0607006000	0.0607006000	0.5778011000	-0.0311139250
0.1066040000	0.1066040000	0.5778011000	-0.0311139250
