1.0012500000	1.0012500000	0.0027850000	0.0012900000
1.0015100000	1.0015100000	0.0027850000	0.0012900000
1.0017900000	1.0018070000	0.0030430000	0.0019652500
1.0021000000	1.0021170000	0.0032430000	0.0021460000
1.0024400000	1.0024530000	0.0034740000	0.0022945000
1.0028000000	1.0028120000	0.0037055000	0.0023425000
1.0031800000	1.0031940000	0.0039430000	0.0024012500
1.0035800000	1.0035990000	0.0041865000	0.0024422500
1.0040200000	1.0040310000	0.0044340000	0.0024687500
1.0044700000	1.0044860000	0.0046825000	0.0024785000
1.0049500000	1.0049670000	0.0049315000	0.0024775000
1.0054600000	1.0054730000	0.0051780000	0.0024767500
1.0059900000	1.0060030000	0.0054245000	0.0024835000
1.0065400000	1.0065570000	0.0056740000	0.0024892500
1.0071200000	1.0071370000	0.0059255000	0.0024807500
1.0077300000	1.0077430000	0.0061735000	0.0024587500
1.0083600000	1.0083730000	0.0064160000	0.0024420000
1.0090100000	1.0090260000	0.0066580000	0.0024440000
1.0096900000	1.0097040000	0.0069025000	0.0024607500
1.0103900000	1.0104060000	0.0071505000	0.0024785000
1.0111200000	1.0111340000	0.0074000000	0.0024855000
1.0118700000	1.0118860000	0.0076495000	0.0024785000
1.0126500000	1.0126640000	0.0078975000	0.0024610000
1.0134500000	1.0134660000	0.0081420000	0.0024457500
1.0142800000	1.0142930000	0.0083840000	0.0024490000
1.0151300000	1.0151430000	0.0086270000	0.0024770000
1.0160000000	1.0160170000	0.0088770000	0.0025137500
1.0169000000	1.0169170000	0.0091335000	0.0025292500
1.0178300000	1.0178440000	0.0093895000	0.0025082500
1.0187800000	1.0187960000	0.0096390000	0.0024647500
1.0197600000	1.0197730000	0.0098810000	0.0024300000
1.0207600000	1.0207730000	0.0101190000	0.0024300000
1.0217800000	1.0217960000	0.0103610000	0.0024647500
1.0228300000	1.0228440000	0.0106105000	0.0025082500
1.0239000000	1.0239170000	0.0108665000	0.0025292500
1.0250000000	1.0250170000	0.0111230000	0.0025137500
1.0261300000	1.0261430000	0.0113730000	0.0024770000
1.0272800000	1.0272930000	0.0116160000	0.0024490000
1.0284500000	1.0284660000	0.0118580000	0.0024457500
1.0296500000	1.0296640000	0.0121025000	0.0024612500
1.0308700000	1.0308860000	0.0123505000	0.0024802500
1.0321200000	1.0321340000	0.0126000000	0.0024925000
1.0333900000	1.0334060000	0.0128500000	0.0024965000
1.0346900000	1.0347040000	0.0131000000	0.0024925000
1.0360100000	1.0360260000	0.0133495000	0.0024802500
1.0373600000	1.0373740000	0.0135975000	0.0024610000
1.0387300000	1.0387460000	0.0138420000	0.0024440000
1.0401300000	1.0401430000	0.0140840000	0.0024417500
1.0415500000	1.0415630000	0.0143265000	0.0024572500
1.0429900000	1.0430070000	0.0145745000	0.0024750000
1.0444600000	1.0444770000	0.0148255000	0.0024750000
1.0459600000	1.0459730000	0.0150735000	0.0024572500
1.0474800000	1.0474930000	0.0153160000	0.0024417500
1.0490200000	1.0490360000	0.0155580000	0.0024437500
1.0505900000	1.0506040000	0.0158025000	0.0024592500
1.0521800000	1.0521960000	0.0160505000	0.0024730000
1.0538000000	1.0538140000	0.0162995000	0.0024727500
1.0554400000	1.0554560000	0.0165475000	0.0024575000
1.0571100000	1.0571240000	0.0167920000	0.0024362500
1.0588000000	1.0588150000	0.0170335000	0.0024202500
1.0605200000	1.0605310000	0.0172740000	0.0024110000
1.0622500000	1.0622690000	0.0175160000	0.0023992500
1.0640200000	1.0640340000	0.0177570000	0.0023777500
1.0658100000	1.0658220000	0.0179920000	0.0023585000
1.0676200000	1.0676330000	0.0182245000	0.0023585000
1.0694500000	1.0694660000	0.0184600000	0.0023760000
1.0713100000	1.0713240000	0.0187005000	0.0023915000
1.0731900000	1.0732060000	0.0189420000	0.0023895000
1.0751000000	1.0751130000	0.0191810000	0.0023722500
1.0770300000	1.0770430000	0.0194160000	0.0023530000
1.0789800000	1.0789960000	0.0196500000	0.0023405000
1.0809600000	1.0809730000	0.0198835000	0.0023332500
1.0829600000	1.0829730000	0.0201165000	0.0023262500
1.0849800000	1.0849960000	0.0203495000	0.0023135000
1.0870300000	1.0870430000	0.0205810000	0.0022927500
1.0891000000	1.0891130000	0.0208085000	0.0022712500
1.0911900000	1.0912050000	0.0210335000	0.0022592500
1.0933100000	1.0933200000	0.0212580000	0.0022567500
1.0954400000	1.0954560000	0.0214845000	0.0022515000
1.0976000000	1.0976160000	0.0217125000	0.0022267500
1.0997900000	1.0998000000	0.0219335000	0.0021880000
1.1019900000	1.1020040000	0.0221480000	0.0021605000
1.1042200000	1.1042300000	0.0223600000	0.0021595000
1.1064600000	1.1064750000	0.0225765000	0.0021737500
1.1087300000	1.1087440000	0.0227980000	0.0021727500
1.1110200000	1.1110350000	0.0230170000	0.0021437500
1.1133400000	1.1133490000	0.0232290000	0.0021007500
1.1156700000	1.1156820000	0.0234340000	0.0020675000
1.1180200000	1.1180350000	0.0236395000	0.0020485000
1.1204000000	1.1204100000	0.0238440000	0.0020312500
1.1227900000	1.1228040000	0.0240475000	0.0020052500
1.1252100000	1.1252200000	0.0242470000	0.0019680000
1.1276400000	1.1276540000	0.0244415000	0.0019297500
1.1301000000	1.1301090000	0.0246315000	0.0019027500
1.1325700000	1.1325810000	0.0248185000	0.0018955000
1.1350600000	1.1350720000	0.0250080000	0.0019007500
1.1375700000	1.1375820000	0.0252000000	0.0018982500
1.1401000000	1.1401120000	0.0253915000	0.0018735000
1.1426500000	1.1426610000	0.0255785000	0.0018257500
1.1452200000	1.1452290000	0.0257575000	0.0017697500
1.1478000000	1.1478130000	0.0259310000	0.0017205000
1.1504100000	1.1504160000	0.0260995000	0.0016840000
1.1530200000	1.1530330000	0.0262660000	0.0016585000
1.1556600000	1.1556690000	0.0264315000	0.0016345000
1.1583100000	1.1583200000	0.0265935000	0.0016080000
1.1609800000	1.1609880000	0.0267535000	0.0015757500
1.1636600000	1.1636710000	0.0269095000	0.0015355000
1.1663600000	1.1663700000	0.0270625000	0.0014860000
1.1690800000	1.1690850000	0.0272075000	0.0014337500
1.1718000000	1.1718120000	0.0273475000	0.0013912500
1.1745500000	1.1745550000	0.0274835000	0.0013615000
1.1773000000	1.1773090000	0.0276180000	0.0013382500
1.1800700000	1.1800780000	0.0277530000	0.0013025000
1.1828500000	1.1828600000	0.0278830000	0.0012450000
1.1856500000	1.1856560000	0.0280045000	0.0011772500
1.1884600000	1.1884630000	0.0281155000	0.0011225000
1.1912700000	1.1912790000	0.0282240000	0.0010892500
1.1941000000	1.1941070000	0.0283330000	0.0010595000
1.1969400000	1.1969460000	0.0284395000	0.0010140000
1.1997900000	1.1997960000	0.0285390000	0.0009500000
1.2026500000	1.2026550000	0.0286300000	0.0008795000
1.2055200000	1.2055230000	0.0287135000	0.0008140000
1.2083900000	1.2083980000	0.0287915000	0.0007575000
1.2112800000	1.2112820000	0.0288645000	0.0007072500
1.2141700000	1.2141720000	0.0289320000	0.0006592500
1.2170600000	1.2170680000	0.0289970000	0.0006047500
1.2199700000	1.2199720000	0.0290560000	0.0005367500
1.2228800000	1.2228810000	0.0291055000	0.0004627500
1.2257900000	1.2257940000	0.0291470000	0.0003940000
1.2287100000	1.2287110000	0.0291825000	0.0003332500
1.2316300000	1.2316310000	0.0292135000	0.0002727500
1.2345500000	1.2345540000	0.0292390000	0.0002040000
1.2374800000	1.2374800000	0.0292560000	0.0001297500
1.2404100000	1.2404070000	0.0292635000	0.0000617500
1.2433300000	1.2433330000	0.0292655000	0.0000055000
1.2462600000	1.2462600000	0.0292645000	-0.0000497500
1.2491900000	1.2491870000	0.0292575000	-0.0001180000
1.2521100000	1.2521120000	0.0292440000	-0.0002080000
1.2550400000	1.2550370000	0.0292195000	-0.0003170000
1.2579600000	1.2579580000	0.0291810000	-0.0004250000
1.2608800000	1.2608750000	0.0291305000	-0.0005102500
1.2637900000	1.2637850000	0.0290735000	-0.0005690000
1.2666900000	1.2666890000	0.0290155000	-0.0006227500
1.2695900000	1.2695880000	0.0289540000	-0.0006990000
1.2724900000	1.2724820000	0.0288805000	-0.0008002500
1.2753700000	1.2753660000	0.0287940000	-0.0009077500
1.2782500000	1.2782420000	0.0286965000	-0.0010067500
1.2811100000	1.2811060000	0.0285910000	-0.0010972500
1.2839700000	1.2839610000	0.0284780000	-0.0011905000
1.2868100000	1.2868030000	0.0283545000	-0.0012905000
1.2896400000	1.2896330000	0.0282205000	-0.0013912500
1.2924600000	1.2924490000	0.0280745000	-0.0014825000
1.2952600000	1.2952490000	0.0279210000	-0.0015642500
1.2980400000	1.2980330000	0.0277625000	-0.0016547500
1.3008100000	1.3008020000	0.0275955000	-0.0017692500
1.3035700000	1.3035550000	0.0274120000	-0.0018975000
1.3063000000	1.3062870000	0.0272125000	-0.0020120000
1.3090100000	1.3089980000	0.0270045000	-0.0021042500
1.3117000000	1.3116880000	0.0267910000	-0.0021917500
1.3143700000	1.3143570000	0.0265700000	-0.0022970000
1.3170200000	1.3170040000	0.0263355000	-0.0024240000
1.3196400000	1.3196260000	0.0260860000	-0.0025580000
1.3222400000	1.3222230000	0.0258220000	-0.0026825000
1.3248100000	1.3247920000	0.0255465000	-0.0027927500
1.3273500000	1.3273330000	0.0252625000	-0.0029010000
1.3298600000	1.3298450000	0.0249695000	-0.0030250000
1.3323500000	1.3323290000	0.0246615000	-0.0031667500
1.3348000000	1.3347800000	0.0243360000	-0.0033082500
1.3372200000	1.3371980000	0.0239960000	-0.0034322500
1.3396000000	1.3395800000	0.0236465000	-0.0035407500
1.3419500000	1.3419280000	0.0232885000	-0.0036512500
1.3442600000	1.3442390000	0.0229195000	-0.0037787500
1.3465400000	1.3465140000	0.0225355000	-0.0039242500
1.3487700000	1.3487480000	0.0221355000	-0.0040777500
1.3509700000	1.3509430000	0.0217195000	-0.0042285000
1.3531200000	1.3530940000	0.0212880000	-0.0043687500
1.3552300000	1.3552020000	0.0208440000	-0.0045000000
1.3572900000	1.3572640000	0.0203880000	-0.0046310000
1.3593100000	1.3592810000	0.0199195000	-0.0047700000
1.3612800000	1.3612500000	0.0194355000	-0.0049167500
1.3632000000	1.3631700000	0.0189360000	-0.0050635000
1.3650700000	1.3650390000	0.0184215000	-0.0052040000
1.3668900000	1.3668560000	0.0178940000	-0.0053407500
1.3686500000	1.3686190000	0.0173540000	-0.0054845000
1.3703600000	1.3703280000	0.0168005000	-0.0056455000
1.3720200000	1.3719820000	0.0162275000	-0.0058195000
1.3736100000	1.3735760000	0.0156355000	-0.0059907500
1.3751500000	1.3751110000	0.0150270000	-0.0061525000
1.3766200000	1.3765830000	0.0144040000	-0.0063102500
1.3780300000	1.3779930000	0.0137670000	-0.0064752500
1.3793800000	1.3793390000	0.0131110000	-0.0066450000
1.3806600000	1.3806180000	0.0124360000	-0.0068027500
1.3818700000	1.3818280000	0.0117460000	-0.0069397500
1.3830100000	1.3829680000	0.0110460000	-0.0070695000
1.3840800000	1.3840380000	0.0103355000	-0.0072192500
1.3850800000	1.3850370000	0.0096085000	-0.0074027500
1.3860100000	1.3859630000	0.0088585000	-0.0076062500
1.3868600000	1.3868120000	0.0080850000	-0.0078012500
1.3876300000	1.3875820000	0.0072935000	-0.0079727500
1.3883200000	1.3882720000	0.0064880000	-0.0081295000
1.3889300000	1.3888810000	0.0056690000	-0.0082912500
1.3894600000	1.3894080000	0.0048330000	-0.0084702500
1.3899000000	1.3898500000	0.0039770000	-0.0086610000
1.3902600000	1.3902060000	0.0031005000	-0.0088490000
1.3905300000	1.3904730000	0.0022040000	-0.0090212500
1.3907000000	1.3906480000	0.0012935000	-0.0091807500
1.3907900000	1.3907330000	0.0003690000	-0.0093442500
1.3907800000	1.3907240000	-0.0005725000	-0.0095215000
1.3906800000	1.3906210000	-0.0015335000	-0.0097095000
1.3904800000	1.3904200000	-0.0025150000	-0.0098970000
1.3901800000	1.3901200000	-0.0035145000	-0.0100777500
1.3897800000	1.3897190000	-0.0045310000	-0.0102557500
1.3892800000	1.3892160000	-0.0055650000	-0.0104382500
1.3886700000	1.3886080000	-0.0066170000	-0.0106312500
1.3879600000	1.3878950000	-0.0076895000	-0.0108332500
1.3871400000	1.3870730000	-0.0087835000	-0.0110355000
1.3862100000	1.3861410000	-0.0098985000	-0.0112285000
1.3851600000	1.3850950000	-0.0110310000	-0.0114105000
1.3840100000	1.3839370000	-0.0121810000	-0.0115875000
1.3827300000	1.3826610000	-0.0133485000	-0.0117640000
1.3813400000	1.3812690000	-0.0145330000	-0.0119430000
1.3798300000	1.3797570000	-0.0157370000	-0.0121207500
1.3782000000	1.3781240000	-0.0169585000	-0.0122947500
1.3764400000	1.3763670000	-0.0181965000	-0.0124717500
1.3745600000	1.3744860000	-0.0194500000	-0.0126652500
1.3725600000	1.3724800000	-0.0207255000	-0.0128782500
1.3704200000	1.3703440000	-0.0220250000	-0.0130927500
1.3681600000	1.3680780000	-0.0233475000	-0.0132867500
1.3657600000	1.3656770000	-0.0246880000	-0.0134522500
1.3632200000	1.3631410000	-0.0260400000	-0.0136082500
1.3605500000	1.3604700000	-0.0274055000	-0.0137822500
1.3577500000	1.3576630000	-0.0287915000	-0.0139812500
1.3548000000	1.3547150000	-0.0302010000	-0.0141895000
1.3517100000	1.3516250000	-0.0316315000	-0.0143892500
1.3484800000	1.3483910000	-0.0330810000	-0.0145745000
1.3451000000	1.3450110000	-0.0345480000	-0.0147480000
1.3415700000	1.3414830000	-0.0360310000	-0.0149162500
1.3379000000	1.3378070000	-0.0375310000	-0.0150835000
1.3340700000	1.3339790000	-0.0390480000	-0.0152502500
1.3300900000	1.3299990000	-0.0405810000	-0.0154182500
1.3259600000	1.3258650000	-0.0421310000	-0.0155907500
1.3216700000	1.3215750000	-0.0436985000	-0.0157702500
1.3172200000	1.3171270000	-0.0452835000	-0.0159587500
1.3126200000	1.3125210000	-0.0468890000	-0.0161522500
1.3078500000	1.3077520000	-0.0485150000	-0.0163405000
1.3029200000	1.3028200000	-0.0501590000	-0.0165172500
1.2978200000	1.2977220000	-0.0518200000	-0.0166797500
1.2925600000	1.2924580000	-0.0534965000	-0.0168280000
1.2871300000	1.2870250000	-0.0551880000	-0.0169652500
1.2815200000	1.2814210000	-0.0568900000	-0.0171042500
1.2757500000	1.2756480000	-0.0586050000	-0.0172610000
1.2698100000	1.2697030000	-0.0603390000	-0.0174330000
1.2636900000	1.2635830000	-0.0620925000	-0.0176045000
1.2573900000	1.2572860000	-0.0638625000	-0.0177632500
1.2509200000	1.2508120000	-0.0656465000	-0.0179092500
1.2442700000	1.2441590000	-0.0674455000	-0.0180467500
1.2374300000	1.2373240000	-0.0692565000	-0.0181820000
1.2304200000	1.2303090000	-0.0710805000	-0.0183227500
1.2232200000	1.2231100000	-0.0729200000	-0.0184662500
1.2158400000	1.2157270000	-0.0747745000	-0.0186045000
1.2082700000	1.2081570000	-0.0766435000	-0.0187300000
1.2005100000	1.2003990000	-0.0785220000	-0.0188472500
1.1925700000	1.1924540000	-0.0804120000	-0.0189670000
1.1844300000	1.1843180000	-0.0823140000	-0.0190915000
1.1761100000	1.1759930000	-0.0842300000	-0.0192142500
1.1675900000	1.1674740000	-0.0861595000	-0.0193222500
1.1588800000	1.1587620000	-0.0880975000	-0.0194152500
1.1499700000	1.1498550000	-0.0900430000	-0.0195050000
1.1408700000	1.1407540000	-0.0919960000	-0.0196047500
1.1315800000	1.1314580000	-0.0939620000	-0.0197150000
1.1220800000	1.1219630000	-0.0959395000	-0.0198257500
1.1123900000	1.1122710000	-0.0979280000	-0.0199282500
1.1025000000	1.1023790000	-0.0999270000	-0.0200135000
1.0924100000	1.0922870000	-0.1019345000	-0.0200765000
1.0821100000	1.0819920000	-0.1039450000	-0.0201251250
1.0716200000	1.0714980000	-0.1059585000	-0.0201767250
1.0609200000	1.0608010000	-0.1079775000	-0.0202403250
1.0500300000	1.0499040000	-0.1100052500	-0.0203104250
1.0389200000	1.0388010000	-0.1120414500	-0.0203713500
1.0276200000	1.0274960000	-0.1140820000	-0.0204160750
1.0161100000	1.0159855000	-0.1161270000	-0.0204462000
1.0043900000	1.0042701000	-0.1181719500	-0.0204712000
0.9924750000	0.9923513000	-0.1202196000	-0.0205005500
0.9803510000	0.9802271000	-0.1222715000	-0.0205307750
0.9680210000	0.9678975000	-0.1243270500	-0.0205541250
0.9554850000	0.9553618000	-0.1263843500	-0.0205651750
0.9427440000	0.9426205000	-0.1284414000	-0.0205656750
0.9297970000	0.9296735000	-0.1304980500	-0.0205592250
0.9166440000	0.9165208000	-0.1325538000	-0.0205470500
0.9032860000	0.9031626000	-0.1346082500	-0.0205285250
0.8897220000	0.8895989000	-0.1366605000	-0.0205027750
0.8759530000	0.8758301000	-0.1387096500	-0.0204705000
0.8619790000	0.8618565000	-0.1407551500	-0.0204328750
0.8478010000	0.8476786000	-0.1427967000	-0.0203899750
0.8334190000	0.8332967000	-0.1448339500	-0.0203401000
0.8188330000	0.8187112000	-0.1468659500	-0.0202811750
0.8040440000	0.8039227000	-0.1488914500	-0.0202128000
0.7890530000	0.7889320000	-0.1509095000	-0.0201362250
0.7738600000	0.7737398000	-0.1529194000	-0.0200529000
0.7584670000	0.7583471000	-0.1549207500	-0.0199629500
0.7428740000	0.7427546000	-0.1569129500	-0.0198651000
0.7270820000	0.7269633000	-0.1588950000	-0.0197581750
0.7110920000	0.7109742000	-0.1608657000	-0.0196425500
0.6949060000	0.6947887000	-0.1628243500	-0.0195194000
0.6785240000	0.6784078000	-0.1647703000	-0.0193891750
0.6619490000	0.6618331000	-0.1667031000	-0.0192508750
0.6451800000	0.6450655000	-0.1686217500	-0.0191027750
0.6282210000	0.6281069000	-0.1705250000	-0.0189445250
0.6110710000	0.6109585000	-0.1724118000	-0.0187771250
0.5937340000	0.5936224000	-0.1742812000	-0.0186021500
0.5762110000	0.5761002000	-0.1761330000	-0.0184196750
0.5585030000	0.5583936000	-0.1779662500	-0.0182283250
0.5406130000	0.5405046000	-0.1797799500	-0.0180271250
0.5225420000	0.5224351000	-0.1815729000	-0.0178160500
0.5042930000	0.5041874000	-0.1833442000	-0.0175957500
0.4858680000	0.4857636000	-0.1850931000	-0.0173662750
0.4672690000	0.4671660000	-0.1868186500	-0.0171272750
0.4484980000	0.4483969000	-0.1885197500	-0.0168786750
0.4295590000	0.4294590000	-0.1901954500	-0.0166209250
0.4104530000	0.4103547000	-0.1918450000	-0.0163542500
0.3911830000	0.3910867000	-0.1934673500	-0.0160786750
0.3717530000	0.3716579000	-0.1950618000	-0.0157939250
0.3521640000	0.3520709000	-0.1966273500	-0.0154994250
0.3324200000	0.3323288000	-0.1981629000	-0.0151949750
0.3125240000	0.3124346000	-0.1996675000	-0.0148804000
0.2924790000	0.2923915000	-0.2011402500	-0.0145550500
0.2722880000	0.2722026000	-0.2025799500	-0.0142183750
0.2519550000	0.2518714000	-0.2039853500	-0.0138709275
0.2314820000	0.2314012000	-0.2053552000	-0.0135145325
0.2108750000	0.2107960000	-0.2066889500	-0.0131507075
0.1901360000	0.1900591000	-0.2079862050	-0.0127788200
0.1692690000	0.1691943000	-0.2092460050	-0.0123970513
0.1482770000	0.1482052000	-0.2104670400	-0.0120042125
0.1271660000	0.1270960900	-0.2116481450	-0.0116003200
0.1059380000	0.1058707100	-0.2127884075	-0.0111856100
0.0845979000	0.0845333300	-0.2138865500	-0.0107605675
0.0631503000	0.0630882200	-0.2149416525	-0.0103259525
0.0415991000	0.0415397250	-0.2159527850	-0.0098822325
0.0199490000	0.0198923000	-0.2169191600	-0.0094293725
-0.0017956500	-0.0018495800	-0.2178398400	-0.0089668075
-0.0236302000	-0.0236812800	-0.2187137700	-0.0084941775
-0.0455499000	-0.0455980750	-0.2195398950	-0.0080116375
-0.0675499000	-0.0675951200	-0.2203172175	-0.0075198475
-0.0896253000	-0.0896674900	-0.2210448600	-0.0070195025
-0.1117710000	-0.1118101500	-0.2217220525	-0.0065107650
-0.1339820000	-0.1340180300	-0.2223480750	-0.0059927800
-0.1562530000	-0.1562860000	-0.2229219100	-0.0054643325
-0.1785790000	-0.1786088000	-0.2234423950	-0.0049248863
-0.2009550000	-0.2009811000	-0.2239081350	-0.0043754100
-0.2233740000	-0.2233971000	-0.2243184000	-0.0038173725
-0.2458320000	-0.2458515000	-0.2246725000	-0.0032511175
-0.2683220000	-0.2683384000	-0.2249697000	-0.0026760575
-0.2908400000	-0.2908524000	-0.2252089500	-0.0020916500
-0.3133780000	-0.3133873000	-0.2253891000	-0.0014988500
-0.3359320000	-0.3359374000	-0.2255095000	-0.0008992000
-0.3584950000	-0.3584965000	-0.2255695000	-0.0002934000
-0.3810600000	-0.3810585000	-0.2255689500	0.0003198250
-0.4036230000	-0.4036176000	-0.2255069000	0.0009429250
-0.4261770000	-0.4261675000	-0.2253818000	0.0015762500
-0.4487150000	-0.4487017000	-0.2251926500	0.0022180500
-0.4712310000	-0.4712138000	-0.2249388000	0.0028663750
-0.4937180000	-0.4936972000	-0.2246200500	0.0035210250
-0.5161710000	-0.5161457000	-0.2242355500	0.0041829750
-0.5385810000	-0.5385523000	-0.2237844500	0.0048523250
-0.5609440000	-0.5609107000	-0.2232659000	0.0055281000
-0.5832510000	-0.5832137000	-0.2226793000	0.0062089250
-0.6054960000	-0.6054547000	-0.2220246000	0.0068951500
-0.6276720000	-0.6276268000	-0.2213012000	0.0075885750
-0.6497730000	-0.6497233000	-0.2205081000	0.0082901250
-0.6717910000	-0.6717370000	-0.2196440500	0.0089980500
-0.6937190000	-0.6936607000	-0.2187087500	0.0097093500
-0.7155500000	-0.7154873000	-0.2177022000	0.0104227000
-0.7372760000	-0.7372096000	-0.2166245500	0.0111393250
-0.7588920000	-0.7588208000	-0.2154751500	0.0118614250
-0.7803890000	-0.7803134000	-0.2142531000	0.0125895750
-0.8017600000	-0.8016802000	-0.2129578500	0.0133228250
-0.8229980000	-0.8229138000	-0.2115889500	0.0140596750
-0.8440960000	-0.8440069000	-0.2101461500	0.0147991750
-0.8650450000	-0.8649519000	-0.2086293500	0.0155415250
-0.8858390000	-0.8857416000	-0.2070384000	0.0162879000
-0.9064710000	-0.9063686000	-0.2053724500	0.0170382000
-0.9269320000	-0.9268252000	-0.2036310500	0.0177899500
-0.9472150000	-0.9471039000	-0.2018140500	0.0185390750
-0.9673130000	-0.9671970000	-0.1999224000	0.0192834000
-0.9872180000	-0.9870973000	-0.1979566500	0.0200250000
-1.0069200000	-1.0067969000	-0.1959178000	0.0207707500
-1.0264200000	-1.0262898000	-0.1938043500	0.0215283750
-1.0457000000	-1.0455670000	-0.1916142500	0.0222986750
-1.0647600000	-1.0646220000	-0.1893457500	0.0230727250
-1.0835900000	-1.0834460000	-0.1869981000	0.0238345500
-1.1021800000	-1.1020310000	-0.1845745000	0.0245730250
-1.1205200000	-1.1203690000	-0.1820805000	0.0252964750
-1.1386100000	-1.1384550000	-0.1795165000	0.0260248000
-1.1564400000	-1.1562810000	-0.1768795000	0.0267697500
-1.1740100000	-1.1738410000	-0.1741640000	0.0275212500
-1.1912900000	-1.1911230000	-0.1713725000	0.0282597500
-1.2083000000	-1.2081240000	-0.1685085000	0.0289787500
-1.2250100000	-1.2248330000	-0.1655750000	0.0296880000
-1.2414300000	-1.2412470000	-0.1625725000	0.0304065000
-1.2575400000	-1.2573560000	-0.1594975000	0.0311435000
-1.2733500000	-1.2731560000	-0.1563460000	0.0318877500
-1.2888300000	-1.2886350000	-0.1531170000	0.0326125000
-1.3039900000	-1.3037880000	-0.1498170000	0.0333005000
-1.3188100000	-1.3186060000	-0.1464520000	0.0339610000
-1.3332900000	-1.3330850000	-0.1430255000	0.0346207500
-1.3474300000	-1.3472190000	-0.1395325000	0.0352977500
-1.3612200000	-1.3610010000	-0.1359675000	0.0359820000
-1.3746400000	-1.3744210000	-0.1323330000	0.0366537500
-1.3877000000	-1.3874750000	-0.1286335000	0.0373060000
-1.4003800000	-1.4001550000	-0.1248705000	0.0379405000
-1.4126900000	-1.4124570000	-0.1210440000	0.0385562500
-1.4246100000	-1.4243720000	-0.1171550000	0.0391485000
-1.4361300000	-1.4358940000	-0.1132110000	0.0397270000
-1.4472600000	-1.4470200000	-0.1092120000	0.0403137500
-1.4579900000	-1.4577440000	-0.1051525000	0.0409145000
-1.4683100000	-1.4680590000	-0.1010285000	0.0415082500
-1.4782100000	-1.4779570000	-0.0968450000	0.0420695000
-1.4876900000	-1.4874340000	-0.0926085000	0.0425932500
-1.4967400000	-1.4964840000	-0.0883240000	0.0430950000
-1.5053700000	-1.5051050000	-0.0839900000	0.0435925000
-1.5135500000	-1.5132880000	-0.0796060000	0.0440897500
-1.5213000000	-1.5210320000	-0.0751720000	0.0445805000
-1.5286000000	-1.5283290000	-0.0706870000	0.0450487500
-1.5354500000	-1.5351750000	-0.0661570000	0.0454852500
-1.5418400000	-1.5415650000	-0.0615860000	0.0458962500
-1.5477700000	-1.5474960000	-0.0569775000	0.0462950000
-1.5532500000	-1.5529660000	-0.0523275000	0.0466840000
-1.5582500000	-1.5579670000	-0.0476370000	0.0470485000
-1.5627800000	-1.5624970000	-0.0429125000	0.0473800000
-1.5668400000	-1.5665530000	-0.0381575000	0.0476835000
-1.5704200000	-1.5701320000	-0.0333740000	0.0479697500
-1.5735200000	-1.5732310000	-0.0285630000	0.0482475000
-1.5761400000	-1.5758480000	-0.0237240000	0.0485170000
-1.5782700000	-1.5779790000	-0.0188580000	0.0487702500
-1.5799200000	-1.5796230000	-0.0139665000	0.0489972500
-1.5810700000	-1.5807750000	-0.0090535000	0.0491922500
-1.5817300000	-1.5814350000	-0.0041250000	0.0493625000
-1.5819000000	-1.5816020000	0.0008200000	0.0495147500
-1.5815700000	-1.5812730000	0.0057800000	0.0496442500
-1.5807500000	-1.5804480000	0.0107535000	0.0497400000
-1.5794200000	-1.5791230000	0.0157340000	0.0497962500
-1.5776000000	-1.5773010000	0.0207165000	0.0498220000
-1.5752800000	-1.5749800000	0.0257000000	0.0498290000
-1.5724600000	-1.5721610000	0.0306835000	0.0498220000
-1.5691400000	-1.5688430000	0.0356660000	0.0497962500
-1.5653300000	-1.5650280000	0.0406465000	0.0497400000
-1.5610100000	-1.5607130000	0.0456200000	0.0496442500
-1.5562000000	-1.5559020000	0.0505800000	0.0495147500
-1.5508900000	-1.5505950000	0.0555250000	0.0493622500
-1.5450900000	-1.5447950000	0.0604535000	0.0491905000
-1.5388000000	-1.5385030000	0.0653665000	0.0489900000
-1.5320100000	-1.5317190000	0.0702575000	0.0487497500
-1.5247400000	-1.5244480000	0.0751215000	0.0484727500
-1.5169800000	-1.5166910000	0.0799550000	0.0481692500
-1.5087400000	-1.5084530000	0.0847565000	0.0478482500
-1.5000200000	-1.4997360000	0.0895265000	0.0475055000
-1.4908300000	-1.4905440000	0.0942620000	0.0471302500
-1.4811600000	-1.4808790000	0.0989585000	0.0467170000
-1.4710200000	-1.4707460000	0.1036090000	0.0462730000
-1.4604300000	-1.4601520000	0.1082145000	0.0458060000
-1.4493700000	-1.4490980000	0.1127735000	0.0453105000
-1.4378600000	-1.4375910000	0.1172815000	0.0447785000
-1.4259000000	-1.4256350000	0.1217345000	0.0442040000
-1.4135000000	-1.4132370000	0.1261275000	0.0435872500
-1.4006600000	-1.4004020000	0.1304570000	0.0429335000
-1.3873900000	-1.3871370000	0.1347175000	0.0422542500
-1.3737000000	-1.3734500000	0.1389085000	0.0415615000
-1.3595900000	-1.3593470000	0.1430305000	0.0408530000
-1.3450800000	-1.3448360000	0.1470825000	0.0401157500
-1.3301600000	-1.3299220000	0.1510605000	0.0393355000
-1.3148400000	-1.3146130000	0.1549550000	0.0385142500
-1.2991500000	-1.2989210000	0.1587660000	0.0376600000
-1.2830700000	-1.2828500000	0.1624910000	0.0367717500
-1.2666300000	-1.2664120000	0.1661255000	0.0358502500
-1.2498200000	-1.2496130000	0.1696645000	0.0349030000
-1.2326700000	-1.2324670000	0.1731065000	0.0339385000
-1.2151800000	-1.2149810000	0.1764540000	0.0329490000
-1.1973600000	-1.1971650000	0.1797030000	0.0319172500
-1.1792100000	-1.1790270000	0.1828445000	0.0308425000
-1.1607600000	-1.1605820000	0.1858740000	0.0297420000
-1.1420100000	-1.1418390000	0.1887925000	0.0286288500
-1.1229800000	-1.1228110000	0.1916015000	0.0274979000
-1.1036600000	-1.1035050000	0.1942970000	0.0263358500
-1.0840900000	-1.0839370000	0.1968732000	0.0251406000
-1.0642600000	-1.0641160000	0.1993284000	0.0239168250
-1.0441900000	-1.0440560000	0.2016588000	0.0226684500
-1.0239000000	-1.0237696000	0.2038649000	0.0213918250
-1.0033900000	-1.0032680000	0.2059425500	0.0200783250
-0.9826760000	-0.9825646000	0.2078857000	0.0187304750
-0.9617780000	-0.9616740000	0.2096910000	0.0173603500
-0.9407060000	-0.9406099000	0.2113582500	0.0159781750
-0.9194740000	-0.9193860000	0.2128877000	0.0145834000
-0.8980950000	-0.8980157000	0.2142776500	0.0131685750
-0.8765840000	-0.8765133000	0.2155249000	0.0117284000
-0.8549550000	-0.8548932000	0.2166265000	0.0102631500
-0.8332230000	-0.8331702000	0.2175800500	0.0087763000
-0.8114030000	-0.8113592000	0.2183838000	0.0072710750
-0.7895100000	-0.7894753000	0.2190362500	0.0057485500
-0.7675590000	-0.7675336000	0.2195356500	0.0042085500
-0.7455660000	-0.7455496000	0.2198801500	0.0026513250
-0.7235450000	-0.7235387000	0.2200678500	0.0010782750
-0.7015140000	-0.7015170000	0.2200973500	-0.0005089000
-0.6794880000	-0.6795002000	0.2199676500	-0.0021097500
-0.6574820000	-0.6575042000	0.2196772000	-0.0037242250
-0.6355130000	-0.6355452000	0.2192243500	-0.0053508000
-0.6135980000	-0.6136397000	0.2186081000	-0.0069870750
-0.5917520000	-0.5918039000	0.2178278000	-0.0086317000
-0.5699930000	-0.5700544000	0.2168827500	-0.0102847500
-0.5483360000	-0.5484075000	0.2157720500	-0.0119465750
-0.5267980000	-0.5268799000	0.2144944500	-0.0136160000
-0.5053970000	-0.5054885000	0.2130494000	-0.0152905500
-0.4841480000	-0.4842499000	0.2114366500	-0.0169684000
-0.4630690000	-0.4631810000	0.2096559500	-0.0186486750
-0.4421770000	-0.4422986000	0.2077072500	-0.0203312000
-0.4214870000	-0.4216193000	0.2055900000	-0.0220150250
-0.4010180000	-0.4011603000	0.2033041000	-0.0236977750
-0.3807860000	-0.3809383000	0.2008499500	-0.0253771000
-0.3608080000	-0.3609702000	0.1982280500	-0.0270513250
-0.3411000000	-0.3412726000	0.1954389500	-0.0287194500
-0.3216800000	-0.3218624000	0.1924833000	-0.0303809250
-0.3025640000	-0.3027561000	0.1893619500	-0.0320356500
-0.2837680000	-0.2839702000	0.1860754500	-0.0336833000
-0.2653090000	-0.2655212000	0.1826243000	-0.0353220750
-0.2472040000	-0.2474257000	0.1790096000	-0.0369492250
-0.2294680000	-0.2296998000	0.1752327000	-0.0385623250
-0.2121190000	-0.2123599000	0.1712952000	-0.0401595850
-0.1951710000	-0.1954217000	0.1671988000	-0.0417399275
-0.1786410000	-0.1789012000	0.1629450000	-0.0433020500
-0.1625450000	-0.1628141000	0.1585360300	-0.0448450825
-0.1468970000	-0.1471756000	0.1539736850	-0.0463686925
-0.1317140000	-0.1320012000	0.1492599400	-0.0478718850
-0.1170090000	-0.1173056400	0.1443967000	-0.0493526825
-0.1027990000	-0.1031041500	0.1393862850	-0.0508080987
-0.0890974000	-0.0894111000	0.1342316750	-0.0522359950
-0.0759187000	-0.0762408500	0.1289356500	-0.0536353476
-0.0632770000	-0.0636073500	0.1235011425	-0.0550054855
-0.0511859000	-0.0515243300	0.1179309700	-0.0563453687
-0.0396589000	-0.0400052300	0.1122282323	-0.0576532919
-0.0287092000	-0.0290631650	0.1063962394	-0.0589275116
-0.0183495000	-0.0187108901	0.1004384892	-0.0601665097
-0.0085921500	-0.0089608002	0.0943585643	-0.0613690095
0.0005506990	0.0001750496	0.0881601600	-0.0625336932
0.0090674000	0.0086849948	0.0818471207	-0.0636591096
0.0169467000	0.0165577599	0.0754234383	-0.0647436922
0.0241777000	0.0237824700	0.0688932855	-0.0657858966
0.0307499000	0.0303486800	0.0622609927	-0.0667843294
0.0366533000	0.0362463900	0.0555310200	-0.0677377462
0.0418785000	0.0414660700	0.0487079050	-0.0686449180
0.0464162000	0.0459986000	0.0417963250	-0.0695045389
0.0502578000	0.0498353700	0.0348011300	-0.0703153275
0.0533953000	0.0529682700	0.0277272600	-0.0710760400
0.0558210000	0.0553896700	0.0205797600	-0.0717853550
0.0575277000	0.0570924400	0.0133638500	-0.0724419300
0.0585089000	0.0580700100	0.0060848850	-0.0730445250
0.0587585000	0.0583163300	-0.0012516650	-0.0735920325
0.0582711000	0.0578259300	-0.0086402550	-0.0740833925
0.0570416000	0.0565938500	-0.0160752150	-0.0745175125
0.0550658000	0.0546157600	-0.0235507550	-0.0748933200
0.0523398000	0.0518878700	-0.0310610050	-0.0752097310
0.0488605000	0.0484070100	-0.0385999600	-0.0754656950
0.0446253000	0.0441706000	-0.0461615250	-0.0756602810
0.0396321000	0.0391766700	-0.0537394820	-0.0757927205
0.0338798000	0.0334239200	-0.0613275910	-0.0758623160
0.0273676000	0.0269116300	-0.0689195790	-0.0758681785
0.0200953000	0.0196397060	-0.0765090100	-0.0758093065
0.0120636000	0.0116087360	-0.0840893310	-0.0756848685
0.0032736600	0.0028199520	-0.0916539270	-0.0754943030
-0.0062725600	-0.0067247320	-0.0991961670	-0.0752371895
-0.0165725000	-0.0170227560	-0.1067094010	-0.0749130265
-0.0276230000	-0.0280708960	-0.1141868950	-0.0745212085
-0.0394201000	-0.0398652400	-0.1216218390	-0.0740611590
-0.0519592000	-0.0524011900	-0.1290073760	-0.0735324340
-0.0652351000	-0.0656734700	-0.1363366120	-0.0729347595
-0.0792417000	-0.0796761000	-0.1436026200	-0.0722680290
-0.0939724000	-0.0944024100	-0.1507985000	-0.0715321175
-0.1094200000	-0.1098450500	-0.1579173600	-0.0707265490
-0.1255760000	-0.1259959400	-0.1649522650	-0.0698505275
-0.1424320000	-0.1428464000	-0.1718960850	-0.0689036750
-0.1599790000	-0.1603870000	-0.1787414850	-0.0678870225
-0.1782060000	-0.1786074000	-0.1854815300	-0.0668025050
-0.1971020000	-0.1974967000	-0.1921098500	-0.0656507025
-0.2166560000	-0.2170435000	-0.1986199000	-0.0644300025
-0.2368560000	-0.2372357000	-0.2050045500	-0.0631384600
-0.2576890000	-0.2580604000	-0.2112562500	-0.0617764750
-0.2791410000	-0.2795038000	-0.2173679500	-0.0603469500
-0.3011980000	-0.3015516000	-0.2233332000	-0.0588527750
-0.3238440000	-0.3241887000	-0.2291460000	-0.0572944750
-0.3470650000	-0.3473998000	-0.2348000500	-0.0556699000
-0.3708440000	-0.3711686000	-0.2402883500	-0.0539768500
-0.3951640000	-0.3954782000	-0.2456038500	-0.0522152500
-0.4200080000	-0.4203110000	-0.2507394000	-0.0503880750
-0.4453570000	-0.4456485000	-0.2556887000	-0.0484998750
-0.4711920000	-0.4714718000	-0.2604460500	-0.0465539500
-0.4974930000	-0.4977613000	-0.2650062500	-0.0445506500
-0.5242420000	-0.5244974000	-0.2693633500	-0.0424885250
-0.5514160000	-0.5516591000	-0.2735112000	-0.0403671500
-0.5789960000	-0.5792255000	-0.2774438000	-0.0381875750
-0.6069580000	-0.6071744000	-0.2811554000	-0.0359518500
-0.6352810000	-0.6354837000	-0.2846407000	-0.0336618750
-0.6639420000	-0.6641304000	-0.2878941000	-0.0313197500
-0.6929170000	-0.6930910000	-0.2909105500	-0.0289280000
-0.7221820000	-0.7223415000	-0.2936853500	-0.0264885000
-0.7517130000	-0.7518576000	-0.2962138500	-0.0240026250
-0.7814850000	-0.7816144000	-0.2984913500	-0.0214720500
-0.8114730000	-0.8115866000	-0.3005133000	-0.0188993000
-0.8416500000	-0.8417482000	-0.3022758500	-0.0162864500
-0.8719910000	-0.8720733000	-0.3037753000	-0.0136336750
-0.9024690000	-0.9025353000	-0.3050075500	-0.0109406500
-0.9330580000	-0.9331074000	-0.3059683500	-0.0082093750
-0.9637290000	-0.9637621000	-0.3066535000	-0.0054465500
-0.9944550000	-0.9944716000	-0.3070601500	-0.0026617250
-1.0252100000	-1.0252079000	-0.3071870500	0.0001398250
-1.0559600000	-1.0559425000	-0.3070340000	0.0029629750
-1.0866800000	-1.0866480000	-0.3065990500	0.0058188000
-1.1173500000	-1.1172970000	-0.3058760500	0.0087099750
-1.1479300000	-1.1478590000	-0.3048597500	0.0116228750
-1.1783900000	-1.1783040000	-0.3035510000	0.0145419500
-1.2087100000	-1.2086040000	-0.3019510000	0.0174640250
-1.2388500000	-1.2387290000	-0.3000595000	0.0203938750
-1.2687900000	-1.2686510000	-0.2978745000	0.0233332500
-1.2985000000	-1.2983400000	-0.2953930000	0.0262727500
-1.3279400000	-1.3277650000	-0.2926175000	0.0292020000
-1.3570900000	-1.3568980000	-0.2895510000	0.0321222500
-1.3859200000	-1.3857100000	-0.2861935000	0.0350402500
-1.4144000000	-1.4141720000	-0.2825435000	0.0379575000
-1.4425000000	-1.4422540000	-0.2786010000	0.0408682500
-1.4701900000	-1.4699270000	-0.2743680000	0.0437670000
-1.4974400000	-1.4971620000	-0.2698460000	0.0466497500
-1.5242300000	-1.5239310000	-0.2650360000	0.0495112500
-1.5505200000	-1.5502040000	-0.2599395000	0.0523427500
-1.5762800000	-1.5759520000	-0.2545630000	0.0551402500
-1.6015000000	-1.6011500000	-0.2489080000	0.0579025000
-1.6261300000	-1.6257670000	-0.2429775000	0.0606222500
-1.6501600000	-1.6497780000	-0.2367770000	0.0632947500
-1.6735500000	-1.6731540000	-0.2303125000	0.0659237500
-1.6962800000	-1.6958710000	-0.2235890000	0.0685197500
-1.7183300000	-1.7179030000	-0.2166065000	0.0710850000
-1.7396700000	-1.7392240000	-0.2093665000	0.0736060000
-1.7602600000	-1.7598060000	-0.2018770000	0.0760685000
-1.7801000000	-1.7796280000	-0.1941455000	0.0784685000
-1.7991500000	-1.7986640000	-0.1861760000	0.0808022500
-1.8173900000	-1.8168910000	-0.1779760000	0.0830627500
-1.8348000000	-1.8342860000	-0.1695535000	0.0852470000
-1.8513500000	-1.8508270000	-0.1609175000	0.0873587500
-1.8670300000	-1.8664940000	-0.1520750000	0.0894070000
-1.8818200000	-1.8812670000	-0.1430290000	0.0913927500
-1.8956800000	-1.8951230000	-0.1337880000	0.0933102500
-1.9086200000	-1.9080470000	-0.1243585000	0.0951522500
-1.9206000000	-1.9200170000	-0.1147470000	0.0969040000
-1.9316100000	-1.9310170000	-0.1049645000	0.0985505000
-1.9416300000	-1.9410290000	-0.0950225000	0.1000842500
-1.9506500000	-1.9500390000	-0.0849340000	0.1015105000
-1.9586500000	-1.9580320000	-0.0747095000	0.1028460000
-1.9656200000	-1.9649960000	-0.0643565000	0.1041042500
-1.9715500000	-1.9709180000	-0.0538810000	0.1052850000
-1.9764300000	-1.9757870000	-0.0432880000	0.1063680000
-1.9802300000	-1.9795880000	-0.0325915000	0.1073297500
-1.9829700000	-1.9823160000	-0.0218055000	0.1081640000
-1.9846100000	-1.9839580000	-0.0109440000	0.1088802500
-1.9851700000	-1.9845120000	-0.0000185000	0.1094960000
-1.9846300000	-1.9839690000	0.0109655000	0.1100145000
-1.9829900000	-1.9823250000	0.0219975000	0.1104245000
-1.9802400000	-1.9795740000	0.0330660000	0.1107132500
-1.9763800000	-1.9757140000	0.0441555000	0.1108775000
-1.9714100000	-1.9707440000	0.0552555000	0.1109187500
-1.9653300000	-1.9646630000	0.0663540000	0.1108332500
-1.9581400000	-1.9574720000	0.0774390000	0.1106157500
-1.9498300000	-1.9491710000	0.0884935000	0.1102695000
-1.9404300000	-1.9397680000	0.0995060000	0.1098075000
-1.9299200000	-1.9292640000	0.1104675000	0.1092345000
-1.9183200000	-1.9176670000	0.1213665000	0.1085462500
-1.9056300000	-1.9049820000	0.1321920000	0.1077320000
-1.8918600000	-1.8912180000	0.1429295000	0.1067817500
-1.8770200000	-1.8763840000	0.1535655000	0.1056912500
-1.8611200000	-1.8604910000	0.1640850000	0.1044630000
-1.8441700000	-1.8435510000	0.1744735000	0.1031085000
-1.8261900000	-1.8255790000	0.1847195000	0.1016405000
-1.8071900000	-1.8065890000	0.1948140000	0.1000607500
-1.7871900000	-1.7865970000	0.2047460000	0.0983600000
-1.7662000000	-1.7656190000	0.2145030000	0.0965265000
-1.7442400000	-1.7436730000	0.2240680000	0.0945605000
-1.7213400000	-1.7207810000	0.2334295000	0.0924725000
-1.6975000000	-1.6969610000	0.2425755000	0.0902692500
-1.6727700000	-1.6722390000	0.2514965000	0.0879490000
-1.6471500000	-1.6466340000	0.2601815000	0.0855005000
-1.6206700000	-1.6201720000	0.2686135000	0.0829225000
-1.5933600000	-1.5928790000	0.2767800000	0.0802275000
-1.5652500000	-1.5647830000	0.2846705000	0.0774307500
-1.5363600000	-1.5359110000	0.2922770000	0.0745405000
-1.5067200000	-1.5062920000	0.2995895000	0.0715552500
-1.4763700000	-1.4759570000	0.3066000000	0.0684657500
-1.4453300000	-1.4449350000	0.3132975000	0.0652600000
-1.4136300000	-1.4132580000	0.3196675000	0.0619390000
-1.3813100000	-1.3809600000	0.3256970000	0.0585212500
-1.3484100000	-1.3480770000	0.3313795000	0.0550272500
-1.3149500000	-1.3146420000	0.3367100000	0.0514607500
-1.2809800000	-1.2806920000	0.3416815000	0.0478099250
-1.2465300000	-1.2462620000	0.3462850000	0.0440598250
-1.2116300000	-1.2113890000	0.3505070000	0.0402097750
-1.1763300000	-1.1761130000	0.3543368500	0.0362778250
-1.1406700000	-1.1404740000	0.3577689500	0.0322855500
-1.1046800000	-1.1045110000	0.3607991000	0.0282451500
-1.0684100000	-1.0682653000	0.3634231000	0.0241576000
-1.0319000000	-1.0317775000	0.3656371500	0.0200162000
-0.9951830000	-0.9950879000	0.3674342500	0.0158157500
-0.9583090000	-0.9582395000	0.3688073000	0.0115607500
-0.9213190000	-0.9212749000	0.3697515000	0.0072616500
-0.8842550000	-0.8842373000	0.3702633500	0.0029283250
-0.8471620000	-0.8471701000	0.3703404500	-0.0014337750
-0.8100820000	-0.8101167000	0.3699799000	-0.0058220000
-0.7730600000	-0.7731212000	0.3691788500	-0.0102320750
-0.7361400000	-0.7362278000	0.3679354000	-0.0146576500
-0.6993660000	-0.6994808000	0.3662482000	-0.0190912500
-0.6627840000	-0.6629249000	0.3641172000	-0.0235262500
-0.6264360000	-0.6266041000	0.3615425000	-0.0279576750
-0.5903690000	-0.5905632000	0.3585247000	-0.0323810000
-0.5546250000	-0.5548461000	0.3550648500	-0.0367918000
-0.5192500000	-0.5194973000	0.3511642500	-0.0411845750
-0.4842870000	-0.4845606000	0.3468250500	-0.0455525750
-0.4497800000	-0.4500799000	0.3420498500	-0.0498879000
-0.4157730000	-0.4160987000	0.3368424500	-0.0541824750
-0.3823090000	-0.3826601000	0.3312075500	-0.0584300250
-0.3494300000	-0.3498065000	0.3251502500	-0.0626262500
-0.3171790000	-0.3175800000	0.3186758000	-0.0667673125
-0.2855960000	-0.2860219000	0.3117897000	-0.0708480250
-0.2547230000	-0.2551733000	0.3044981000	-0.0748614275
-0.2246010000	-0.2250745000	0.2968083750	-0.0788002975
-0.1952680000	-0.1957648000	0.2887283500	-0.0826581033
-0.1667630000	-0.1672829000	0.2802662700	-0.0864283245
-0.1391250000	-0.1396667500	0.2714313150	-0.0901046640
-0.1123900000	-0.1129531000	0.2622333785	-0.0936818250
-0.0865935000	-0.0871777100	0.2526825490	-0.0971550695
-0.0617710000	-0.0623754500	0.2427893235	-0.1005190890
-0.0379561000	-0.0385800630	0.2325648910	-0.1037678295
-0.0151813000	-0.0158241260	0.2220211440	-0.1068951265
0.0065218700	0.0058610080	0.2111705800	-0.1098952575
0.0271234000	0.0264452740	0.2000261960	-0.1127629665
0.0465945000	0.0458999170	0.1886014840	-0.1154932595
0.0649077000	0.0641975500	0.1769104665	-0.1180813415
0.0820371000	0.0813122500	0.1649676010	-0.1205225045
0.0979581000	0.0972195300	0.1527877715	-0.1228118725
0.1126480000	0.1118964300	0.1403863950	-0.1249444640
0.1260850000	0.1253215100	0.1277794500	-0.1269155570
0.1382490000	0.1374750000	0.1149833900	-0.1287208483
0.1491230000	0.1483389000	0.1020149250	-0.1303562650
0.1586900000	0.1578967000	0.0888911950	-0.1318180275
0.1669340000	0.1661336000	0.0756300500	-0.1331033625
0.1738440000	0.1730370000	0.0622492500	-0.1342099325
0.1794090000	0.1785958000	0.0487663000	-0.1351336225
0.1836180000	0.1828004000	0.0351997500	-0.1358690000
0.1864640000	0.1856434000	0.0215692000	-0.1364126250
0.1879420000	0.1871195000	0.0078941500	-0.1367640000
0.1880490000	0.1872253000	-0.0058064500	-0.1369230750
0.1867830000	0.1859591000	-0.0195137000	-0.1368878000
0.1841430000	0.1833210000	-0.0332078500	-0.1366548750
0.1801330000	0.1793135000	-0.0468687500	-0.1362218850
0.1747570000	0.1739409000	-0.0604764000	-0.1355875500
0.1680200000	0.1672094000	-0.0740105500	-0.1347512225
0.1599320000	0.1591275000	-0.0874508700	-0.1337129650
0.1505030000	0.1497056000	-0.1007773600	-0.1324728425
0.1397440000	0.1389559000	-0.1139696650	-0.1310308327
0.1276720000	0.1268931600	-0.1270077200	-0.1293869790
0.1143010000	0.1135334600	-0.1398713600	-0.1275411880
0.0996506000	0.0988954700	-0.1525401555	-0.1254943500
0.0837414000	0.0829996400	-0.1649941520	-0.1232481990
0.0665955000	0.0658684700	-0.1772134555	-0.1208047905
0.0482376000	0.0475264290	-0.1891785180	-0.1181662115
0.0286941000	0.0279999180	-0.2008699020	-0.1153343705
0.0079932900	0.0073172860	-0.2122683500	-0.1123115125
-0.0138345000	-0.0144912020	-0.2233548430	-0.1091004005
-0.0367571000	-0.0373933910	-0.2341106220	-0.1057045665
-0.0607405000	-0.0613552300	-0.2445174495	-0.1021277805
-0.0857488000	-0.0863409300	-0.2545574080	-0.0983735990
-0.1117440000	-0.1123128100	-0.2642130995	-0.0944451000
-0.1386880000	-0.1392317800	-0.2734670400	-0.0903457705
-0.1665380000	-0.1670565000	-0.2823022550	-0.0860806690
-0.1952530000	-0.1957445000	-0.2907023150	-0.0816562928
-0.2247870000	-0.2252511000	-0.2986517100	-0.0770796525
-0.2550950000	-0.2555307000	-0.3061357000	-0.0723569425
-0.2861290000	-0.2865358000	-0.3131400000	-0.0674935325
-0.3178420000	-0.3182180000	-0.3196507000	-0.0624944200
-0.3501810000	-0.3505268000	-0.3256545000	-0.0573647500
-0.3830970000	-0.3834112000	-0.3311388000	-0.0521097750
-0.4165370000	-0.4168185000	-0.3360908500	-0.0467366250
-0.4504460000	-0.4506947000	-0.3404992000	-0.0412550000
-0.4847700000	-0.4849849000	-0.3443535000	-0.0356751750
-0.5194520000	-0.5196330000	-0.3476447500	-0.0300059750
-0.5544360000	-0.5545824000	-0.3503646500	-0.0242535500
-0.5896640000	-0.5897755000	-0.3525049000	-0.0184238000
-0.6250780000	-0.6251539000	-0.3540579500	-0.0125243250
-0.6606190000	-0.6606585000	-0.3550169500	-0.0065647000
-0.6962250000	-0.6962292000	-0.3553768000	-0.0005547500
-0.7318390000	-0.7318063000	-0.3551329500	0.0054967000
-0.7673980000	-0.7673288000	-0.3542814000	0.0115800000
-0.8028420000	-0.8027359000	-0.3528195000	0.0176846500
-0.8381090000	-0.8379662000	-0.3507456500	0.0238001500
-0.8731380000	-0.8729585000	-0.3480596000	0.0299170500
-0.9078680000	-0.9076516000	-0.3447614500	0.0360263000
-0.9422370000	-0.9419842000	-0.3408522500	0.0421182250
-0.9761850000	-0.9758952000	-0.3363344000	0.0481843250
-1.0096500000	-1.0093237000	-0.3312114500	0.0542188250
-1.0425700000	-1.0422095000	-0.3254866500	0.0602142500
-1.0748900000	-1.0744930000	-0.3191629500	0.0661544000
-1.1065500000	-1.1061140000	-0.3122456500	0.0720154250
-1.1374800000	-1.1370120000	-0.3047467500	0.0777827500
-1.1676300000	-1.1671310000	-0.2966780000	0.0834600000
-1.1969500000	-1.1964150000	-0.2880465000	0.0890538250
-1.2253800000	-1.2248080000	-0.2788570000	0.0945541250
-1.2528500000	-1.2522520000	-0.2691210000	0.0999370000
-1.2793300000	-1.2786960000	-0.2588525000	0.1051822500
-1.3047500000	-1.3040850000	-0.2480660000	0.1102780000
-1.3290600000	-1.3283690000	-0.2367785000	0.1152220000
-1.3522200000	-1.3514990000	-0.2250040000	0.1200145000
-1.3741800000	-1.3734270000	-0.2127570000	0.1246515000
-1.3948800000	-1.3941050000	-0.2000540000	0.1291257500
-1.4142900000	-1.4134900000	-0.1869120000	0.1334257500
-1.4323700000	-1.4315390000	-0.1733460000	0.1375307500
-1.4490600000	-1.4482080000	-0.1593780000	0.1414187500
-1.4643300000	-1.4634590000	-0.1450345000	0.1450862500
-1.4781500000	-1.4772570000	-0.1303365000	0.1485405000
-1.4904800000	-1.4895670000	-0.1153020000	0.1517757500
-1.5012900000	-1.5003560000	-0.0999520000	0.1547700000
-1.5105400000	-1.5095920000	-0.0843145000	0.1575055000
-1.5182100000	-1.5172490000	-0.0684200000	0.1599902500
-1.5242800000	-1.5233040000	-0.0522900000	0.1622400000
-1.5287200000	-1.5277330000	-0.0359455000	0.1642532500
-1.5315200000	-1.5305170000	-0.0194080000	0.1660087500
-1.5326400000	-1.5316340000	-0.0027085000	0.1674865000
-1.5320900000	-1.5310740000	0.0141230000	0.1686855000
-1.5298400000	-1.5288220000	0.0310605000	0.1696067500
-1.5259000000	-1.5248720000	0.0480780000	0.1702415000
-1.5202400000	-1.5192130000	0.0651465000	0.1705750000
-1.5128700000	-1.5118440000	0.0822305000	0.1706085000
-1.5037900000	-1.5027650000	0.0993015000	0.1703590000
-1.4930000000	-1.4919790000	0.1163335000	0.1698357500
-1.4805100000	-1.4794910000	0.1333015000	0.1690305000
-1.4663200000	-1.4653080000	0.1501770000	0.1679215000
-1.4504400000	-1.4494400000	0.1669250000	0.1664980000
-1.4329000000	-1.4319040000	0.1835140000	0.1647687500
-1.4136900000	-1.4127140000	0.1999130000	0.1627502500
-1.3928600000	-1.3918950000	0.2160955000	0.1604522500
-1.3704200000	-1.3694670000	0.2320380000	0.1578620000
-1.3463900000	-1.3454550000	0.2477070000	0.1549652500
-1.3208000000	-1.3198880000	0.2630685000	0.1517702500
-1.2936900000	-1.2928000000	0.2780925000	0.1483005000
-1.2651000000	-1.2642270000	0.2927580000	0.1445672000
-1.2350500000	-1.2342030000	0.3070395000	0.1405590500
-1.2035900000	-1.2027690000	0.3209055000	0.1362686500
-1.1707600000	-1.1699680000	0.3343264000	0.1317044000
-1.1366100000	-1.1358470000	0.3472763000	0.1268806750
-1.1011900000	-1.1004540000	0.3597325000	0.1218036500
-1.0645400000	-1.0638382000	0.3716684000	0.1164754000
-1.0267200000	-1.0260540000	0.3830567500	0.1109081500
-0.9877920000	-0.9871584000	0.3938758000	0.1051182500
-0.9478060000	-0.9472084000	0.4041054500	0.0991143500
-0.9068240000	-0.9062641000	0.4137245000	0.0928981750
-0.8649080000	-0.8643874000	0.4227107000	0.0864733500
-0.8221250000	-0.8216434000	0.4310431000	0.0798506500
-0.7785380000	-0.7780980000	0.4387027500	0.0730448000
-0.7342180000	-0.7338199000	0.4456721000	0.0660705500
-0.6892340000	-0.6888788000	0.4519354000	0.0589401000
-0.6436580000	-0.6433463000	0.4574777000	0.0516630750
-0.5975620000	-0.5972950000	0.4622846500	0.0442493750
-0.5510210000	-0.5507994000	0.4663427000	0.0367116250
-0.5041100000	-0.5039350000	0.4696399500	0.0290650750
-0.4569080000	-0.4567789000	0.4721667500	0.0213242675
-0.4094900000	-0.4094082000	0.4739146500	0.0135011650
-0.3619360000	-0.3619015000	0.4748757000	0.0056076200
-0.3143240000	-0.3143377000	0.4750430850	-0.0023416550
-0.2667350000	-0.2667969000	0.4744119100	-0.0103293950
-0.2192490000	-0.2193591000	0.4729795650	-0.0183388550
-0.1719470000	-0.1721047300	0.4707449800	-0.0263557250
-0.1249070000	-0.1251137200	0.4677078600	-0.0343666300
-0.0782123000	-0.0784668400	0.4638692300	-0.0423569800
-0.0319416000	-0.0322440000	0.4592321100	-0.0503114400
0.0138250000	0.0134749500	0.4538008100	-0.0582146250
0.0590080000	0.0586108400	0.4475811950	-0.0660507550
0.1035290000	0.1030850000	0.4405806900	-0.0738036750
0.1473100000	0.1468197000	0.4328084350	-0.0814570900
0.1902730000	0.1897380000	0.4242754300	-0.0889953400
0.2323450000	0.2317647000	0.4149938000	-0.0964030750
0.2734490000	0.2728251000	0.4049772000	-0.1036644225
0.3135130000	0.3128465000	0.3942414000	-0.1107644400
0.3524660000	0.3517577000	0.3828033000	-0.1176897500
0.3902380000	0.3894893000	0.3706810500	-0.1244272750
0.4267620000	0.4259738000	0.3578937500	-0.1309622500
0.4619720000	0.4611455000	0.3444622500	-0.1372775250
0.4958040000	0.4949409000	0.3304096000	-0.1433561000
0.5281970000	0.5272990000	0.3157607000	-0.1491839000
0.5590930000	0.5581615000	0.3005414000	-0.1547499500
0.5884360000	0.5874726000	0.2847782000	-0.1600438000
0.6161730000	0.6151792000	0.2684986500	-0.1650535500
0.6422530000	0.6412309000	0.2517317500	-0.1697659750
0.6666290000	0.6655804000	0.2345081500	-0.1741683500
0.6892570000	0.6881836000	0.2168594500	-0.1782491250
0.7100950000	0.7089994000	0.1988184500	-0.1819973750
0.7291070000	0.7279904000	0.1804188000	-0.1854023750
0.7462570000	0.7451221000	0.1616954000	-0.1884537500
0.7615150000	0.7603640000	0.1426844500	-0.1911432000
0.7748540000	0.7736891000	0.1234225500	-0.1934643750
0.7862510000	0.7850742000	0.1039468000	-0.1954114500
0.7956860000	0.7944997000	0.0842946000	-0.1969775000
0.8031430000	0.8019497000	0.0645046000	-0.1981550250
0.8086110000	0.8074125000	0.0446160500	-0.1989377250
0.8120800000	0.8108799000	0.0246690500	-0.1993212000
0.8135490000	0.8123485000	0.0047036500	-0.1993024750
0.8130160000	0.8118181000	-0.0152401000	-0.1988778500
0.8104860000	0.8092930000	-0.0351212000	-0.1980438000
0.8059670000	0.8047814000	-0.0548984000	-0.1967987750
0.7994710000	0.7982958000	-0.0745302000	-0.1951438250
0.7910160000	0.7898530000	-0.0939759500	-0.1930809500
0.7806220000	0.7794735000	-0.1131952000	-0.1906109750
0.7683130000	0.7671819000	-0.1321471000	-0.1877347250
0.7541180000	0.7530070000	-0.1507907000	-0.1844550000
0.7380710000	0.7369819000	-0.1690859000	-0.1807763250
0.7202080000	0.7191433000	-0.1869932500	-0.1767031750
0.7005700000	0.6995320000	-0.2044734500	-0.1722401000
0.6792010000	0.6781926000	-0.2214875000	-0.1673930250
0.6561510000	0.6551739000	-0.2379972000	-0.1621698250
0.6314720000	0.6305282000	-0.2539655500	-0.1565793250
0.6052190000	0.6043114000	-0.2693561000	-0.1506309000
0.5774530000	0.5765833000	-0.2841334500	-0.1443348750
0.5482370000	0.5474070000	-0.2982635000	-0.1377018750
0.5176370000	0.5168489000	-0.3117130000	-0.1307430000
0.4857230000	0.4849788000	-0.3244498500	-0.1234702500
0.4525680000	0.4518696000	-0.3364431500	-0.1158966750
0.4182490000	0.4175974000	-0.3476636500	-0.1080360500
0.3828430000	0.3822407000	-0.3580832000	-0.0999029600
0.3464330000	0.3458813000	-0.3676750500	-0.0915137950
0.3091030000	0.3086033000	-0.3764145500	-0.0828858250
0.2709400000	0.2704933000	-0.3842787700	-0.0740360700
0.2320320000	0.2316399000	-0.3912464500	-0.0649810725
0.1924700000	0.1921339000	-0.3972976400	-0.0557378200
0.1523480000	0.1520681600	-0.4024144600	-0.0463243350
0.1117590000	0.1115368800	-0.4065807650	-0.0367595000
0.0707996000	0.0706360800	-0.4097821700	-0.0270636300
0.0295676000	0.0294630800	-0.4120066250	-0.0172580250
-0.0118388000	-0.0118837500	-0.4132443500	-0.0073637950
-0.0533202000	-0.0533052200	-0.4134875400	0.0025982700
-0.0947767000	-0.0947014000	-0.4127304200	0.0126072150
-0.1361080000	-0.1359719600	-0.4109691100	0.0226410350
-0.1772120000	-0.1770159700	-0.4082024500	0.0326773450
-0.2179900000	-0.2177331000	-0.4044312850	0.0426943300
-0.2583390000	-0.2580225000	-0.3996587000	0.0526704600
-0.2981610000	-0.2977845000	-0.3938897650	0.0625840100
-0.3373550000	-0.3369193000	-0.3871317000	0.0724123400
-0.3758230000	-0.3753285000	-0.3793942500	0.0821324650
-0.4134660000	-0.4129143000	-0.3706895000	0.0917216575
-0.4501900000	-0.4495809000	-0.3610315500	0.1011570750
-0.4858980000	-0.4852332000	-0.3504368000	0.1104154500
-0.5204980000	-0.5197785000	-0.3389243500	0.1194742750
-0.5538980000	-0.5531257000	-0.3265154500	0.1283127500
-0.5860110000	-0.5851865000	-0.3132330500	0.1369107250
-0.6167490000	-0.6158743000	-0.2991020000	0.1452472500
-0.6460290000	-0.6451056000	-0.2841495500	0.1533008000
-0.6737690000	-0.6727993000	-0.2684053000	0.1610507250
-0.6998930000	-0.6988780000	-0.2519006500	0.1684776500
-0.7243240000	-0.7232668000	-0.2346687500	0.1755624000
-0.7469930000	-0.7458949000	-0.2167448000	0.1822858250
-0.7678310000	-0.7666945000	-0.1981658500	0.1886293000
-0.7867740000	-0.7856020000	-0.1789712000	0.1945759250
-0.8037630000	-0.8025578000	-0.1592012500	0.2001100000
-0.8187430000	-0.8175064000	-0.1388978500	0.2052154500
-0.8316610000	-0.8303963000	-0.1181046000	0.2098760500
-0.8424700000	-0.8411806000	-0.0968673500	0.2140775750
-0.8511300000	-0.8498175000	-0.0752326000	0.2178082250
-0.8576010000	-0.8562692000	-0.0532479000	0.2210566750
-0.8618520000	-0.8605033000	-0.0309620000	0.2238117750
-0.8638540000	-0.8624918000	-0.0084249500	0.2260633500
-0.8635850000	-0.8622123000	0.0143121500	0.2278033500
-0.8610270000	-0.8596472000	0.0371978500	0.2290248000
-0.8561690000	-0.8547844000	0.0601801500	0.2297203000
-0.8490020000	-0.8476165000	0.0832061000	0.2298823750
-0.8395250000	-0.8381419000	0.1062215000	0.2295059750
-0.8277420000	-0.8263644000	0.1291722000	0.2285892750
-0.8136620000	-0.8122932000	0.1520041500	0.2271318250
-0.7973000000	-0.7959429000	0.1746635000	0.2251329250
-0.7786750000	-0.7773333000	0.1970959500	0.2225919750
-0.7578130000	-0.7564899000	0.2192469500	0.2195108500
-0.7347450000	-0.7334436000	0.2410624500	0.2158946000
-0.7095070000	-0.7082307000	0.2624892000	0.2117501750
-0.6821410000	-0.6808928000	0.2834749500	0.2070842750
-0.6526940000	-0.6514766000	0.3039679500	0.2019029000
-0.6212170000	-0.6200339000	0.3239168000	0.1962129000
-0.5877670000	-0.5866217000	0.3432705500	0.1900239000
-0.5524080000	-0.5513024000	0.3619800000	0.1833477250
-0.5152050000	-0.5141426000	0.3799971000	0.1761968750
-0.4762310000	-0.4752142000	0.3972748500	0.1685853000
-0.4355610000	-0.4345933000	0.4137676500	0.1605290200
-0.3932780000	-0.3923611000	0.4294318000	0.1520457188
-0.3494660000	-0.3486025000	0.4442259000	0.1431525800
-0.3042140000	-0.3034066000	0.4581095900	0.1338666325
-0.2576160000	-0.2568666000	0.4710443075	0.1241167700
-0.2097680000	-0.2090793000	0.4829933250	0.1137621712
-0.1607720000	-0.1601454200	0.4939226425	0.1022306000
-0.1107310000	-0.1101685450	0.5036206500	0.0903758788
-0.0597522000	-0.0592555000	0.5120931175	0.0761698625
-0.0079450500	-0.0075157800	0.5185911950	0.0632939050
0.0445779000	0.0445779000	0.5260889000	0.0374885250
0.0977020000	0.0977020000	0.5260889000	0.0374885250
